0.3998476770754
1.33954571927781
0.304645849200305
0.304645849200305
0.99009900990099
0.952018278750953
1.49485536788973
0.304645849200305
1.02817974105103
0.247524752475248
4.3969228698026e-18
0.361766945925362
0.171363290175172
0.171363290175172
0.628332063975629
1.12338156892612
0.776548243059601
0.951271597748011
0.932977913175933
0.190403655750191
0.19040365575019
0.67947971267715
0.361766945925362
0.931857891671521
-0.190403655750191
4.3969228698026e-18
0.723533891850724
1.3589594253543
-0.171363290175172
1.00913937547601
0.266565118050267
-0.590251332825591
-0.285605483625286
0.514089870525515
0.19040365575019
0.590251332825591
0.970685303824502
0.133282559025133
0.190403655750191
0.514089870525514
0.34944670937682
0.133282559025133
0.361766945925362
-0.437928408225438
0.856816450875857
0.990099009900991
0.971058644325971
-0.247524752475248
0.685453160700686
-0.60929169840061
-0.171363290175172
0.685453160700686
-0.190403655750191
1.18423607066589
0.323686214775324
1.24247718889536
-0.247524752475248
-0.228484386900229
1.31907686094078e-17
4.3969228698026e-18
-0.171363290175172
0.52417006406523
0.456968773800457
0.19040365575019
0.67947971267715
0.757134536983111
0.266565118050267
0.815375655212581
1.33954571927781
0.0571210967250572
0.552170601675553
-0.133282559025133
-0.304645849200305
0.476009139375476
0.795961949136091
-0.342726580350343
0.818735719725819
0.971058644325972
0.62123859444768
0.67947971267715
0.361766945925362
-0.380807311500381
0.71830712483013
0.0761614623000762
1.26189089497185
1.51426907396622
0.152322924600152
0.0190403655750191
-0.171363290175171
0.133282559025133
0.73772083090662
0.133282559025133
-0.17472335468841
0.0190403655750191
0.647372429550648
0.815375655212581
0.834789361289071
-0.0571210967250572
1.39778683750728
0.0190403655750191
0.25237817899437
1.39778683750728
0.31061929722384
0.990099009900992
1.41720054358377
1.30071830712483
0.514089870525515
0.495049504950496
1.51426907396622
0.893030479518541
0.932977913175933
0.893030479518541
1.3589594253543
1.39778683750728
1.00951271597748
0.418888042650419
0.3998476770754
1.32013201320132
-0.285605483625286
-0.114242193450114
0.66006600660066
0.0952018278750953
-0.266565118050267
0.873616773442051
1.06775383420695
-0.228484386900229
1.26189089497185
0.795961949136091
0.990099009900992
-4.3969228698026e-18
1.12599495243642
0.951271597748011
-0.304645849200305
1.24247718889536
0.171363290175171
0.854203067365561
0.628332063975629
0.64065230052417
0.69889341875364
-4.3969228698026e-18
-0.552170601675553
0.0380807311500381
0.133282559025133
0.171363290175172
1.51426907396622
1.02892642205397
-0.0761614623000762
0.0952018278750953
-0.323686214775324
0.152322924600152
0.931857891671521
1.22306348281887
0.11648223645894
0.552170601675553
1.00951271597748
1.37837313143079
0.533130236100534
1.14540865851291
-0.323686214775324
-0.190403655750191
0.114242193450114
1.00951271597748
0.228484386900229
-0.323686214775324
-0.476009139375476
0.495049504950496
0.0952018278750952
1.08716754028344
1.24247718889536
0.970685303824502
0.56299747621821
1.3589594253543
1.47544166181324
0.0190403655750191
0.20944402132521
1.24247718889536
0.20944402132521
0.60929169840061
0.456968773800457
1.04722010662605
-0.380807311500381
-0.133282559025133
0.3998476770754
-0.0952018278750952
0.44651523975927
0.704493526275705
0.62123859444768
0.533130236100534
-0.171363290175172
-0.152322924600152
0.62123859444768
0.533130236100534
0.114242193450114
0.0952018278750953
-0.20944402132521
1.18423607066589
-0.133282559025133
1.04722010662605
0.514089870525515
0.815375655212581
-0.323686214775324
1.45602795573675
0.60182488837119
4.3969228698026e-18
0.3998476770754
0.285605483625286
0.761614623000762
0.171363290175172
-0.114242193450114
0.114242193450114
-0.0571210967250572
1.28130460104834
0.834789361289071
-0.60929169840061
0.60182488837119
0.698893418753641
0.437928408225438
-0.323686214775324
0.0380807311500381
0.834789361289071
0.323686214775324
0.40768782760629
0.46592894583576
-0.342726580350343
1.14540865851291
0.704493526275705
1.26189089497185
1.20364977674238
-0.590251332825591
0.1941370607649
0.795961949136091
0.36886041545331
0.873616773442051
0.3882741215298
0.0970685303824501
0.854203067365561
0.495049504950496
0.873616773442051
0.834789361289071
1.14540865851291
1.28130460104834
-0.228484386900229
-0.171363290175171
0.21355076684139
0.3882741215298
0.304645849200305
0.1941370607649
-0.171363290175171
0.304645849200305
1.02892642205397
1.32013201320132
0.40768782760629
0.834789361289071
0.285605483625286
1.08716754028344
0.266565118050267
-0.418888042650419
0.951271597748011
0.0571210967250572
0.60182488837119
1.53368278004271
1.20364977674238
1.22306348281887
0.795961949136091
-0.152322924600152
0.0761614623000763
0.780654988575781
-0.17472335468841
0.29120559114735
0.114242193450114
-0.20944402132521
1.53368278004271
0.247524752475248
0.23296447291788
0.60182488837119
0.815375655212581
1.04722010662605
0.36886041545331
-0.380807311500381
0.03882741215298
0.698893418753641
-0.361766945925362
0.776548243059601
1.43661424966026
1.04834012813046
1.24247718889536
0.0190403655750191
-0.0380807311500381
1.06775383420695
0.0571210967250572
-0.0571210967250571
1.43661424966026
1.33954571927781
-0.247524752475248
1.47544166181324
0.247524752475248
1.57251019219569
0.931857891671521
0.854203067365561
0.628332063975629
1.43661424966026
1.22306348281887
0.0970685303824501
0.133282559025133
0.0380807311500381
1.47544166181324
0.60182488837119
0.62123859444768
-0.418888042650419
0.990099009900991
0.25237817899437
-0.380807311500381
1.22306348281887
0.970685303824501
0.761614623000762
-0.46592894583576
-0.495049504950496
0.970685303824501
-0.190403655750191
-0.56299747621821
1.26189089497185
0.418888042650419
0.56299747621821
0.0190403655750191
0.0380807311500381
1.57251019219569
0.99009900990099
1.00951271597748
1.28130460104834
-0.247524752475248
-0.361766945925362
0.46592894583576
0.912444185595031
-0.114242193450114
0.31061929722384
0.0761614623000762
0.20944402132521
0.854203067365561
1.47544166181324
-0.171363290175171
-0.437928408225438
1.00951271597748
0.951271597748012
0.0952018278750953
0.36886041545331
1.5530964861192
1.00951271597748
0.114242193450114
1.02892642205397
-0.0761614623000762
-0.228484386900229
1.10658124635993
1.10658124635993
0.742574257425743
-0.0571210967250572
0.951271597748011
0.951271597748011
1.18423607066589
-0.304645849200305
0.33003300330033
0.380807311500381
0.34944670937682
-0.114242193450114
0.970685303824501
-0.361766945925362
0.815375655212581
0.834789361289071
0.698893418753641
1.20364977674238
1.10658124635993
1.43661424966026
0.893030479518541
-0.304645849200305
-1.31907686094078e-17
-0.0761614623000762
0.628332063975629
1.44554455445545
0.0761614623000762
4.3969228698026e-18
-0.0380807311500381
0.737720830906621
-0.20944402132521
-0.114242193450114
0.834789361289071
-0.228484386900229
1.28130460104834
1.06775383420695
-0.0380807311500381
0.304645849200305
1.02892642205397
1.22306348281887
-0.0761614623000762
-0.17472335468841
0.951271597748012
0.3882741215298
0.361766945925362
0.228484386900229
0.304645849200305
1.51426907396622
0.228484386900229
-0.590251332825591
-0.380807311500381
1.02892642205397
0.0761614623000762
0.5824111822947
1.1648223645894
0.17472335468841
1.02892642205397
0.951271597748011
1.47544166181324
0.552170601675553
0.11648223645894
0.718307124830131
-0.304645849200305
-0.133282559025133
-0.437928408225438
0.54358377014172
1.43661424966026
0.514089870525514
1.14540865851291
-0.152322924600152
0.66006600660066
-0.3998476770754
1.08716754028344
-0.20944402132521
0.628332063975629
1.04834012813046
-0.3998476770754
0.776548243059601
0.46592894583576
0.0571210967250572
0.285605483625286
0.304645849200305
1.14540865851291
-4.3969228698026e-18
0.23296447291788
-0.3998476770754
0.0776548243059601
1.37837313143079
1.12338156892612
-0.0761614623000762
1.20364977674238
-0.514089870525514
0.856816450875857
1.37837313143079
-0.0952018278750953
0.380807311500381
-0.0952018278750953
-0.285605483625286
1.20364977674238
-0.418888042650419
1.47544166181324
0.64065230052417
-0.0970685303824501
1.04834012813046
0.05824111822947
0.40768782760629
0.990099009900992
0.64065230052417
1.51426907396622
-0.266565118050267
1.02892642205397
0.46592894583576
-0.114242193450114
-0.266565118050267
0.0952018278750953
1.3589594253543
1.02892642205397
-0.361766945925362
0.0952018278750953
1.26189089497185
1.10658124635993
-0.114242193450114
-0.437928408225438
1.06775383420695
0.912444185595031
0.228484386900229
-0.114242193450114
-0.304645849200305
0.29120559114735
0.3882741215298
0.476009139375476
0.951271597748012
1.41720054358377
0.951271597748011
1.04834012813046
1.3589594253543
0.133282559025133
0.776548243059601
0.62123859444768
-0.3998476770754
0.660066006600661
-0.133282559025133
-0.133282559025133
0.17472335468841
0.875856816450876
0.3882741215298
0.304645849200305
0.931857891671521
1.45602795573675
0.48534265191225
0.019040365575019
0.666412795125667
1.20364977674238
0.361766945925362
0.62123859444768
-0.21355076684139
4.3969228698026e-18
-0.3998476770754
1.43661424966026
0.7996953541508
0.25237817899437
0.42710153368278
1.57251019219569
1.10658124635993
0.795961949136091
-0.0190403655750191
0.932977913175933
-0.0190403655750191
-0.133282559025133
-0.228484386900229
0.952018278750953
0.795961949136091
1.39778683750728
0.0761614623000762
1.49485536788973
-0.0190403655750191
0.647372429550648
0.46592894583576
0.931857891671521
1.02892642205397
1.04834012813046
0.931857891671521
-0.171363290175171
0.66006600660066
0.628332063975629
0.3882741215298
1.39778683750728
1.04834012813046
0.931857891671521
-0.114242193450114
0.66006600660066
0.837776085300838
0.171363290175171
-0.514089870525514
1.45602795573675
4.3969228698026e-18
0.685453160700686
1.30071830712483
0.776548243059601
-0.60929169840061
1.33954571927781
-0.304645849200305
0.873616773442051
0.25237817899437
1.24247718889536
4.3969228698026e-18
0.019040365575019
0.0776548243059601
0.951271597748011
1.33954571927781
-0.190403655750191
0.380807311500381
0.437928408225438
-0.171363290175171
1.08716754028344
1.08716754028344
-0.418888042650419
1.20364977674238
1.22306348281887
0.776548243059601
0.19040365575019
0.834789361289071
1.49485536788973
0.931857891671521
-0.3998476770754
-0.323686214775324
-0.0388274121529801
1.14540865851291
0.46592894583576
1.04834012813046
0.304645849200305
0.3882741215298
1.14540865851291
1.1648223645894
0.247524752475248
0.660066006600661
1.02892642205397
0.304645849200305
0.342726580350343
1.39778683750728
-0.304645849200305
-0.456968773800457
0.0571210967250572
1.02892642205397
0.304645849200305
1.20364977674238
1.5530964861192
0.03882741215298
1.18423607066589
0.0776548243059601
0.67947971267715
0.46592894583576
1.02817974105103
1.54455445544554
1.08530083777609
0.64065230052417
-0.0190403655750191
-0.247524752475248
0.834789361289071
1.28130460104834
0.27179188507086
0.0970685303824501
-0.247524752475248
1.26189089497185
0.21355076684139
-0.361766945925362
1.10658124635993
1.39778683750728
1.1648223645894
1.24247718889536
0.757134536983111
1.51426907396622
0.0952018278750953
0.15530964861192
0.737720830906621
1.20364977674238
0.03882741215298
0.990099009900991
0.718307124830131
-0.228484386900229
1.00951271597748
0.152322924600152
0.951271597748011
-0.0952018278750953
-0.114242193450114
0.64065230052417
-0.114242193450114
1.32013201320132
0.990099009900992
0.0571210967250572
1.41720054358377
-0.228484386900229
0.56299747621821
1.5530964861192
1.18423607066589
0.40768782760629
1.08716754028344
0.666412795125667
-0.361766945925362
-0.21355076684139
-0.323686214775324
1.59192389827218
0.3882741215298
0.323686214775324
0.951271597748011
1.04834012813046
0.342726580350343
-0.361766945925362
0.19040365575019
0.133282559025133
0.437928408225438
-0.0380807311500381
1.04834012813046
1.12599495243642
0.776548243059601
0.285605483625286
0.951271597748011
-0.0380807311500381
0.21355076684139
0.0776548243059601
1.1648223645894
-0.285605483625286
1.02892642205397
1.04834012813046
1.06775383420695
1.47544166181324
1.32013201320132
1.33954571927781
0.834789361289071
1.39778683750728
0.737720830906621
0.737720830906621
1.39778683750728
-0.380807311500381
0.723533891850724
0.21355076684139
0.7996953541508
1.04834012813046
0.114242193450114
0.29120559114735
0.266565118050267
0.54358377014172
1.22772277227723
1.39778683750728
0.15530964861192
1.53368278004271
0.1941370607649
1.3589594253543
1.41720054358377
-0.552170601675553
-0.228484386900229
1.34653465346535
0.0970685303824501
0.285605483625286
0.19040365575019
0.46592894583576
0.20944402132521
0.815375655212581
-0.114242193450114
-0.285605483625286
0.990099009900992
-0.323686214775324
0.285605483625286
1.49485536788973
1.1648223645894
-0.380807311500381
0.951271597748011
1.40594059405941
-0.0190403655750191
0.31061929722384
-0.190403655750191
-0.20944402132521
0.21355076684139
0.40768782760629
0.66006600660066
1.1648223645894
0.64065230052417
1.00951271597748
0.418888042650419
0.780654988575781
0.0190403655750191
1.39778683750728
0.3882741215298
-0.380807311500381
-0.52417006406523
1.28130460104834
-0.380807311500381
1.04722010662605
0.11648223645894
1.02892642205397
-0.34944670937682
0.64065230052417
1.28130460104834
0.837776085300838
-0.380807311500381
0.1941370607649
-0.361766945925362
1.24247718889536
-0.133282559025133
0.48534265191225
0.815375655212581
0.133282559025133
0.780654988575781
1.18423607066589
-0.133282559025133
0.03882741215298
1.41720054358377
-0.456968773800457
-0.0571210967250572
-0.418888042650419
0.46592894583576
1.18423607066589
1.5530964861192
0.990099009900991
0.873616773442051
0.54358377014172
0.3882741215298
1.06775383420695
0.69889341875364
0.33003300330033
1.47544166181324
0.0761614623000762
4.3969228698026e-18
0.970685303824502
1.02892642205397
0.64065230052417
0.64065230052417
-0.190403655750191
-0.23296447291788
0.795961949136091
-0.36886041545331
-0.266565118050267
1.04834012813046
-0.05824111822947
0.114242193450114
-0.247524752475248
1.30071830712483
1.10658124635993
0.893030479518541
0.228484386900229
0.171363290175172
1.06775383420695
0.456968773800457
-0.133282559025133
0.01941370607649
0.0970685303824501
0.418888042650419
1.14540865851291
-0.552170601675553
0.46592894583576
0.67947971267715
1.5530964861192
1.24247718889536
1.00951271597748
0.50475635798874
1.59192389827218
0.854203067365561
-0.0190403655750191
0.323686214775324
0.42710153368278
0.685453160700686
1.12599495243642
0.17472335468841
1.20364977674238
0.17472335468841
0.247524752475248
0.757134536983111
-0.0952018278750953
-0.266565118050267
1.12599495243642
0.795961949136091
0.834789361289071
0.815375655212581
0.834789361289071
1.41720054358377
-0.190403655750191
-0.190403655750191
1.10658124635993
0.5824111822947
0.83478936128907
1.22306348281887
0.285605483625286
-0.228484386900229
0.228484386900229
0.342726580350343
0.0970685303824501
-0.418888042650419
-0.152322924600152
0.0571210967250572
-0.495049504950495
0.0761614623000762
-0.323686214775324
1.26189089497185
1.28130460104834
0.718307124830131
0.951271597748011
-0.29120559114735
0.3882741215298
0.912444185595031
0.247524752475248
0.893030479518541
-0.0380807311500381
0.931857891671521
1.04834012813046
1.20364977674238
0.951271597748011
0.48534265191225
0.11648223645894
1.12599495243642
0.266565118050267
0.171363290175171
0.834789361289071
0.571210967250572
-0.3998476770754
0.44651523975927
0.834789361289071
-0.266565118050267
-0.34944670937682
1.26189089497185
0.71830712483013
0.990099009900991
-0.361766945925362
0.931857891671521
0.54358377014172
0.40768782760629
0.52417006406523
0.34944670937682
0.56299747621821
1.26189089497185
1.22306348281887
1.10658124635993
-0.0380807311500381
0.0952018278750953
0.776548243059601
0.0380807311500381
0.590251332825591
-0.0776548243059601
0.114242193450114
0.171363290175172
0.01941370607649
0.34944670937682
0.17472335468841
1.04834012813046
1.41720054358377
1.10658124635993
0.25237817899437
0.54358377014172
-0.0380807311500381
1.32013201320132
1.06775383420695
0.990099009900991
-0.171363290175172
-0.01941370607649
0.01941370607649
0.60182488837119
1.26189089497185
-0.133282559025133
0.951271597748011
0.3882741215298
0.0582411182294701
0.912444185595031
1.28130460104834
1.22306348281887
0.64065230052417
0.931857891671521
0.133282559025133
1.26189089497185
0.0571210967250572
-0.190403655750191
0.64065230052417
-0.190403655750191
-4.3969228698026e-18
1.12871287128713
1.14540865851291
0.951271597748011
-0.0571210967250572
0.931857891671521
-0.114242193450114
1.33954571927781
1.44554455445545
1.37837313143079
1.49485536788973
-0.456968773800457
0.29120559114735
0.795961949136091
0.20944402132521
1.30071830712483
0.3998476770754
1.06775383420695
-0.285605483625286
-0.0952018278750953
0.03882741215298
0.873616773442051
1.26732673267327
0.873616773442051
0.893030479518541
-0.323686214775324
0.323686214775324
1.42574257425743
0.552170601675553
0.33003300330033
0.46592894583576
1.47544166181324
0.11648223645894
1.10658124635993
0.931857891671521
0.342726580350343
-0.304645849200305
0.50475635798874
0.912444185595031
1.28130460104834
0.40768782760629
0.873616773442051
-0.0380807311500381
1.39778683750728
1.44554455445545
0.0776548243059601
-0.304645849200305
0.931857891671521
-0.0761614623000762
0.13589594253543
0.932977913175933
0.285605483625286
-0.476009139375476
0.757134536983111
1.46534653465347
0.40768782760629
0.247524752475248
0.46592894583576
0.40768782760629
0.970685303824501
0.776548243059601
-0.133282559025133
0.951271597748011
-0.190403655750191
0.990099009900991
-0.323686214775324
1.37837313143079
1.12599495243642
0.3882741215298
-0.03882741215298
1.49485536788973
0.0582411182294701
1.41720054358377
1.30071830712483
0.190403655750191
1.28130460104834
0.29120559114735
0.171363290175172
