1.60070325890929
1.56905652664862
1.53943552788296
1.46482999183824
1.58159534294967
1.65138288418952
1.6216505453626
1.51497529066818
1.58018001994602
1.43741290207136
1.54621202347571
1.48948802375392
1.57244516730002
1.39628167357203
1.49849838599393
1.49952441520451
1.67218069461322
1.53904005581646
1.65126867794826
1.60547635188087
1.45920685216654
1.61005891578426
1.61001013623272
1.51321027719707
1.48458622201034
1.57018573255332
1.65769297863838
1.58885751097846
1.52419177855638
1.67284976500494
1.64046319189668
1.65577107021719
1.50644398819808
1.41647699154009
1.60547635188087
1.38555046536152
1.4346970395077
1.45292065322754
1.55824615837883
1.46827459758343
1.43141619752265
1.52810773968807
1.38554253641443
1.46827210351448
1.50646586590187
1.58870775049282
1.67374047686494
1.32940189496954
1.65182189484188
1.5909955854527
1.5960248799246
1.48510413105174
1.53408587664747
1.41824243511728
1.64126103836825
1.43525947438754
1.63213012852113
1.62352424866176
1.52186070596744
1.42028643437692
1.61926126073326
1.69191109147086
1.3969568458111
1.45920685216654
1.58575518531452
1.5238138564704
1.57066375919495
1.6293663635381
1.41276932177611
1.50842384917704
1.45395869678054
1.55236106536712
1.41290611105003
1.43012352541958
1.65102992825269
1.40388896295491
1.57626216283656
1.58194839713673
1.49771642536882
1.51049955118115
1.51435999223418
1.52186551845672
1.51768311364926
1.49511606641648
1.63403614603009
1.40962244927615
1.56255491492702
1.40694144428345
1.49948289908412
1.52810773968807
1.52087924052716
1.52810773968807
1.60327742548237
1.53396293746236
1.37268686037911
1.53106300603581
1.60716926406865
1.37905200877281
1.67407835369578
1.5094140188613
1.43885570365686
1.74228268313331
1.49355214854095
1.51359892403586
1.59751602332869
1.39506195942373
1.51830613522276
1.53701202450918
1.43690836661485
1.56220305424437
1.50944313166614
1.79365002944702
1.37953128048508
1.65071745909719
1.63651202063908
1.32729708904289
1.60070325890929
1.6222338195132
1.53104052942804
1.44169289267447
1.58195385496056
1.5064415573225
1.44686785111241
1.56108288028704
1.63402216712506
1.45356447871454
1.40393813454601
1.62733820069511
1.66042251553917
1.59379887309759
1.55624067702642
1.48771767628088
1.61058889355035
1.3800830952266
1.52419177855638
1.55971295745547
1.4477825066218
1.52788070728793
1.51422381989589
1.57018573255332
1.60070783436037
1.56970989323809
1.55236106536712
1.44880148339909
1.56622369946639
1.46032270546973
1.41818095197236
1.5064415573225
1.52321361935871
1.46380716266521
1.51321027719707
1.3555219614312
1.62074294328581
1.60070783436037
1.58834227564692
1.74706685559768
1.54815285436497
1.62735925512986
1.6638658026532
1.48458622201034
1.46737521103541
1.61260701634084
1.45356447871454
1.54754364829333
1.4560099282394
1.27094053037673
1.55524576577933
1.55972760234961
1.43525947438754
1.3510532859731
1.53396573086194
1.7066983368232
1.69803942369376
1.60535887982333
1.39092115308829
1.53969171492125
1.59133734936803
1.49412867593035
1.34241022147189
1.45604010883313
1.49711824619647
1.45292065322754
1.60070325890929
1.48143665151605
1.59745882866655
1.56197242632721
1.64595738647344
1.61892312973713
1.61926126073326
1.56255491492702
1.64595738647344
1.49911775192348
1.51743640272254
1.45600238299322
1.54367462023167
1.78226391786813
1.5997650151238
1.48147372967054
1.41647699154009
1.6293663635381
1.52321361935871
1.61011093401811
1.56901042641811
1.54621202347571
1.37471684521739
1.45600489807962
1.5702043899803
1.52419177855638
1.58957480976108
1.54185759701753
1.65033699219432
1.63034972689452
1.53296524087584
1.51892465692362
1.64158591972586
1.46203056317272
1.51830372333902
1.39521384179419
1.49661428210815
1.60716926406866
1.39521384179419
1.58378535306677
1.47787282269204
1.53116370325723
1.45072627102614
1.51338515727497
1.40393813454601
1.64362892854272
1.51436724671702
1.68373580851136
1.62733820069511
1.54405332541524
1.5360044122921
1.64877905949095
1.65758391567623
1.45671675059928
1.41026518698436
1.72646204445295
1.63115396205002
1.57891030022856
1.4271224879558
1.57683472806963
1.47435998028723
1.71560980635773
1.60097844392949
1.61058889355035
1.58880000462156
1.5960248799246
1.53943552788296
1.46032270546972
1.49776217820119
1.76910646399381
1.63115396205002
1.32151133077476
1.55972760234962
1.39427520677818
1.58392982619599
1.53904005581646
1.58097354446099
1.23683113789836
1.31601474328692
1.61982895708097
1.43890597384115
1.4772299726768
1.46380716266521
1.59192289535307
1.64218672363529
1.60327742548237
1.48455401372824
1.41554469502553
1.66026786965632
1.34520073189581
1.46317034695703
1.45562655308246
1.66507493416563
1.47946392972673
1.48147372967054
1.61774883259402
1.57019039693085
1.50029419780879
1.58930311469322
1.56291695634343
1.71800136336562
1.49101633955532
1.40516462072648
1.61358643729754
1.53396293746236
1.41976035650057
1.61008019617396
1.35169257959315
1.67281911783018
1.54222894990008
1.32774490882785
1.63213012852113
1.50398678453715
1.32940189496954
1.64165085303401
1.48732482614605
1.48313650619929
1.49849838599393
1.38291319562835
1.64067426319535
1.56105849324444
1.45292065322754
1.47144238631247
1.36880430498299
1.56901042641812
1.66938489349549
1.53603726125604
1.61296699315902
1.59258499403102
1.44635397353072
1.51771572278513
1.48784945618202
1.66264496480939
1.50392097019632
1.35625391106302
1.5137259358304
1.53408587664747
1.50843649482314
1.63403614603009
1.48660258361831
1.67900925867778
1.48445918339369
1.61660520080688
1.59363644353984
1.58159534294967
1.51321530886182
1.39964580915483
1.48848213875327
1.7002879436921
1.55470855586673
1.51256734437214
1.46737521103541
1.41339570070729
1.44428142192247
1.46928434743855
1.53461210249039
1.69803942369376
1.52419177855638
1.68173347725411
1.63651202063908
1.53904005581646
1.40375201262033
1.64157896243336
1.474791298655
1.61260701634084
1.38890430571792
1.46032270546973
1.51989593894774
1.42763373475395
1.65480716408656
1.5329826246862
1.5436912258599
1.67281911783018
1.61296463291697
1.48771767628088
1.57398628711762
1.56351314598932
1.71922966358211
1.49711824619647
1.58586681590767
1.44169289267447
1.48784945618202
1.43845449930126
1.47946392972673
1.55809262698917
1.48835599645905
1.59567404116678
1.45500003916026
1.66337643263103
1.61115449035138
1.41290611105003
1.42106485360682
1.41818095197236
1.57150636408061
1.62946634379527
1.44428142192247
1.49711335415678
1.56970989323809
1.59564541107977
1.59133734936803
1.5658979732581
1.60716926406866
1.47904067116284
1.5321094653474
1.58577679184906
1.545728804078
1.56351314598932
1.51257489507111
1.64067426319535
1.39159103164834
1.50326899950855
1.66042022275385
1.52647350592582
1.43845449930126
1.55296366553544
1.4391022520362
1.51582197756901
1.60034976577609
1.65577107021719
1.33906436143133
1.53803544099084
1.49511606641648
1.4614940601593
1.42111307424391
1.47720935562261
1.61200608912539
1.58870535421031
1.50398678453715
1.45395869678054
1.44330047335936
1.51768311364926
1.46482999183824
1.47840794023446
1.51830372333902
1.55371162190481
1.4647387208224
1.38985447237807
1.45072627102614
1.53846230015214
1.70027321979352
1.29062448644251
1.45673243094034
1.49449259175182
1.49849838599393
1.43253545013235
1.40162691815533
1.44815621896838
1.67495364604744
1.55716593050079
1.62570955445427
1.46482999183824
1.39616127447958
1.36667125868981
1.37325818708839
1.40162691815533
1.49874044602287
1.67905687345441
1.39632625811514
1.44428142192247
1.33021562169774
1.46827459758343
1.5552693115579
1.48252161803416
1.69323922439018
1.39374193823742
1.60256438819813
1.62570955445427
1.41509159203288
1.48660258361831
1.69803942369376
1.4761703989085
1.63398721933926
1.56221280196019
1.63588729447027
1.53396076726227
1.51359892403586
1.65008196112347
1.54122888378907
1.49761470509906
1.53803544099083
1.50392097019632
1.63590076171303
1.66307880064085
1.57908233007265
1.61311450143415
1.58773216470312
1.51435999223418
1.48143665151605
1.58579119604187
1.50743673931788
1.27679627104294
1.46827210351448
1.65761836596985
1.68272142764998
1.34684937579823
1.54185759701753
1.61058889355035
1.43127922174105
1.47471385536466
1.43012352541958
1.40722893328879
1.44431167603292
1.48771767628088
1.72748379744057
1.46154615646248
1.52810773968807
1.44815621896838
1.54870749333389
1.47942315015585
1.55721154461432
1.55236106536712
1.45292065322754
1.67436827391552
1.37813159540434
1.50081683084545
1.51497529066818
1.35047551467916
1.5611267760037
1.40388932398609
1.48445918339369
1.55525989328924
1.33021562169774
1.51435999223418
1.41779542853901
1.36232673909309
1.47194999304372
1.40162691815533
1.61600765701879
1.62124000341399
1.54304457295433
1.51575165388534
1.61782178212645
1.70109587013819
1.50328925916444
1.60535887982333
1.45910772096778
1.43324660851354
1.31811242263677
1.34684937579823
1.65138288418952
1.5788885997285
1.50294607438237
1.36448304723472
1.59752317251748
1.65124206565056
1.59896020438778
1.50392097019632
1.58833748197551
1.53803544099084
1.61116394190575
1.51321027719707
1.61926126073326
1.50650834235697
1.52322323577326
1.50081683084545
1.50294607438237
1.48576519846672
1.58833748197551
1.49261569840812
1.6063151010213
1.50510033128866
1.54850643879579
1.38985447237807
1.58580800076812
1.52186070596744
1.40762190965738
1.42262717363885
1.64879291328313
1.5909955854527
1.51874881884058
1.49011359236871
1.37596814182375
1.61678606122061
1.70714440186193
1.49711335415678
1.58191830378641
1.44598842161888
1.58870535421031
1.51874881884058
1.50953895734959
1.4202915910386
1.61372012722087
1.61926126073326
1.42982487417476
1.45673243094034
1.40920275407806
1.41509159203288
1.77702933717441
1.57654922449609
1.45920685216654
1.53296524087584
1.6216505453626
1.66006824265804
1.57719349158867
1.49848861090991
1.42051823865281
1.31005942259235
1.6038887438891
1.56221280196019
1.38621501415522
1.57653473586294
1.55411953582192
1.55174527307461
1.43741290207136
1.74535653407433
1.58773216470312
1.49011359236871
1.50656917298849
1.30963944301093
1.41290611105003
1.50011162309713
1.43220378062852
1.46032270546972
1.35899979849013
1.46895358093138
1.67223533360121
1.67169797265837
1.57398628711762
1.54969782010358
1.51049955118115
1.36873199052036
1.58018001994602
1.64735434200656
1.40059715172765
1.55309035804332
1.53396293746236
1.32940189496954
1.34398325805128
1.50654877427271
1.55220398358907
1.37594047382844
1.53785639893126
1.74883536939739
1.49809384444715
1.27313851073681
1.63117029943772
1.36766073270346
1.42111307424391
1.43525947438754
1.59844276807293
1.43690836661485
1.43011584359756
1.38452269198858
1.49512656980003
1.54623259458743
1.55120053154571
1.35091097988565
1.61680018914956
1.3743052260183
1.58834227564692
1.30171491903222
1.63686441453942
1.43011584359756
1.65857858280711
1.69649959844205
1.54185759701753
1.49776217820119
1.53904252942763
1.45805325088619
1.41716830792272
1.45356447871454
1.67900925867778
1.50089292727129
1.59846896641092
1.50843144721773
1.53462698692118
1.50645614251719
1.46419362098501
1.39054102729567
1.59509077162377
1.43150130208574
1.64877905949095
1.34059629940852
1.58870535421031
1.56221280196019
1.53116370325723
1.3305280507631
1.45920685216654
1.45292065322754
1.36270925632221
1.49661428210815
1.56221280196019
1.58099818133233
1.64879291328313
1.62570955445427
1.46138074428743
1.39320058021718
1.49809384444715
1.5745582041253
1.44818250725917
1.53104052942804
1.51257489507111
1.61116394190575
1.43131645917323
1.57955274103014
1.52347029737847
1.61780060356881
1.48143242189597
1.50294607438237
1.54620304902395
1.44224236889402
1.67407835369578
1.39374193823742
1.65769297863838
1.41819411687434
1.31600903894768
1.48576519846672
1.51743640272254
1.58574318155702
1.57066375919495
1.6029223977258
1.62758752199012
1.55376552658062
1.54367234603014
1.37376679739958
1.48781875122863
1.51375611528384
1.69196284325923
1.47942810069192
1.45356447871454
1.63007755766322
1.56105849324444
1.53104052942804
1.50953895734959
1.52952557649119
1.33612814795669
1.65302902308878
1.51743640272254
1.60256667326846
1.40723163859564
1.36817763874468
1.29293487237097
1.47096201990667
1.36536513823153
1.36667661764905
1.58870535421031
1.48521251987292
1.5094140188613
1.61834762740695
1.53408587664747
1.41752363905567
1.47194258115796
1.76910646399381
1.45403816198275
1.52651340903541
1.42258168044043
1.51321530886182
1.46125823468937
1.54852535742603
1.5094140188613
1.60297464754728
1.57653473586294
1.33906436143133
1.49706429557526
1.45408005287661
1.4202915910386
1.50647802004446
1.49614727399689
1.51257489507111
1.53610974500787
1.55309035804332
1.5321094653474
1.48007276647875
1.39374193823742
1.40733578895517
1.27313851073681
1.53969171492125
1.55236106536712
1.4845591425186
1.67635770518059
1.47840794023446
1.42280452512833
1.49813958575323
1.62294784783344
1.50029419780879
1.47095425560059
1.42344653648518
1.50842384917704
1.46125823468937
1.50392097019632
1.54911672494032
1.4211505780527
1.63686674031973
1.56108288028704
1.42325991348019
1.62505451676902
1.51052223417388
1.752020497079
1.3668825013577
1.3401324638988
1.36448304723472
1.49711335415678
1.37949816458131
1.37823502730012
1.57789729221886
1.52788070728793
1.60547635188087
1.50804146863662
1.52890444477857
1.46665948948364
1.36722044274622
1.45939303151357
1.58769859580472
1.41554469502553
1.43741290207136
1.39506195942373
1.5329826246862
1.63508073082765
1.23091705179328
1.39628167357203
1.43131645917323
1.34241022147189
1.45292065322754
1.35087434420917
1.58574078079461
1.43546648002464
1.45072627102614
1.52909474247452
1.55470855586673
1.83548134224819
1.3366594000964
1.51425901762302
1.61260701634084
1.51677855795044
1.63418408211224
1.50909380111559
1.55812512548939
1.52321361935871
1.51575165388534
1.48510413105174
1.81004345108645
1.3393268673541
1.54623259458743
1.55407789186141
1.65485962232437
1.47196068564423
1.5064415573225
1.57066375919495
1.42602034421295
1.67438646331442
1.74614268335491
1.42599898677155
1.48143242189597
1.66885231773976
1.60547635188087
1.60547635188087
1.55810973045363
1.43467581123277
1.55809262698917
1.61683079923879
1.34948279371737
1.45356447871454
1.47904067116284
1.3216540321836
1.53597962707392
1.48660258361831
1.56255491492702
1.50842384917704
1.46228284677293
1.44428142192247
1.54754364829333
1.63403614603009
1.45408005287661
1.41162360963473
1.53904005581646
1.48455401372824
1.47471385536466
1.56307401627369
1.41118540166346
1.58686753928453
1.56970989323809
1.51321027719707
1.40516462072649
1.64362892854272
1.58870535421031
1.56106580939723
1.52188267288672
1.45299835741604
1.44686785111241
1.47435998028723
1.60716926406865
1.65136514393235
1.31925099135007
1.52278169664967
1.5074190609081
1.61753141261451
1.48468607443432
1.43133241777618
1.35548545037902
1.56407228475268
1.46419362098501
1.53866030934685
1.62696970398207
1.48246255480902
1.54807684375654
1.53610974500787
1.67900925867778
1.74883536939739
1.79875053015225
1.40060155107275
1.47144238631247
1.45600238299322
1.44815621896838
1.44583231498808
1.35832193492205
1.52443206771877
1.5658979732581
1.57244516730002
1.5886765985382
1.53610974500787
1.42365974560286
1.65867105141021
1.64541722790327
1.48145041040895
1.61678606122061
1.55371162190481
1.41976035650057
1.49776217820119
1.51052223417388
1.61296699315902
1.47435998028723
1.40719646920091
1.40719646920091
1.41271812154508
1.43133241777618
1.5997650151238
1.61296463291697
1.50081683084545
1.46028620769967
1.51256734437214
1.45408005287661
1.54309144892118
1.62637642441121
1.40681360699878
1.47840794023446
1.48460530083452
1.45805325088619
1.29653960925645
1.52788070728793
1.45920685216654
1.52186070596744
1.40004595857991
1.47725316651883
1.35090816179197
1.62754433876065
1.53866030934685
1.63590076171303
1.56905652664862
1.52706523839985
1.48252161803416
1.59752317251748
1.28555123443832
1.53598210561373
1.65102992825269
1.39092115308829
1.60236060454164
1.40162691815533
1.51052223417388
1.67103404567059
1.62570730191323
1.44759879486333
1.40390830607215
1.78709193596204
1.5360044122921
1.53714286198322
1.52321361935871
1.49848861090991
1.70755992076969
1.45395869678054
1.62636706126346
1.52952557649119
1.45142545071161
1.57209009891984
1.42805984097721
1.43415296582387
1.71527117143547
1.56351314598932
1.43791744555269
1.46031488459579
1.45408005287661
1.58378535306677
1.70381952870373
1.47144238631247
1.52856701097657
1.67832557246134
1.47260066548958
1.65632720510593
1.58833748197551
1.25018699941182
1.40055806063009
1.65126867794826
1.45600489807962
1.37689145237097
1.62255646661345
1.52083666634642
1.58378535306677
1.76411973388014
1.72070047524158
1.42910979890347
1.46151489890341
1.55172073928099
1.57624125388244
1.32184819743103
1.53408587664747
1.48411501446063
1.47334873802965
1.50848949366017
1.47948451536276
1.30719536716498
1.62457185212017
1.57302577289307
1.58769859580472
1.41716830792271
1.55313202848247
1.32503832833018
1.50654877427271
1.43127922174105
1.52419177855638
