-0.377180575200376
-0.660066006600659
-0.565770862800564
-0.565770862800564
-0.660066006600658
-0.848656294200847
-1.08439415370108
-0.895803866100894
-0.942951438000941
-0.990099009900988
-1.13154172560113
-0.8015087223008
-0.8015087223008
-0.848656294200847
-0.754361150400753
-0.942951438000941
-0.942951438000941
-0.660066006600658
-0.612918434700611
-0.8015087223008
-0.990099009900988
-0.612918434700611
-1.08439415370108
-1.17868929750118
-1.13154172560113
-1.22583686940122
-1.41442715700141
-1.50872230080151
-1.13154172560113
-0.848656294200847
-1.65016501650165
-1.17868929750118
-1.55586987270155
-1.6973125884017
-1.6973125884017
-1.6973125884017
-1.55586987270155
-1.83875530410184
-1.36727958510137
-1.36727958510137
-1.6030174446016
-1.6973125884017
-1.6030174446016
-1.46157472890146
-1.65016501650165
-1.36727958510137
-1.32013201320132
-1.36727958510137
-1.41442715700141
-1.6030174446016
-1.50872230080151
-1.36727958510137
-1.6030174446016
-1.6030174446016
-1.6030174446016
-1.98019801980198
-2.07449316360207
-1.79160773220179
-1.65016501650165
-1.98019801980198
-1.83875530410184
-1.93305044790193
-1.74446016030174
-1.22583686940122
-1.88590287600188
-1.88590287600188
-1.79160773220179
-1.88590287600188
-2.07449316360207
-2.07449316360207
-1.88590287600188
-1.83875530410184
-1.98019801980198
-2.12164073550212
-2.07449316360207
-2.12164073550212
-2.26308345120226
-1.55586987270155
-1.6973125884017
-1.65016501650165
-1.6030174446016
-1.79160773220179
-1.93305044790193
-1.74446016030174
-1.6973125884017
-1.6030174446016
-2.16878830740217
-2.02734559170203
-2.21593587930221
-1.46157472890146
-1.50872230080151
-1.50872230080151
2.97029702970297
3.46534653465346
3.06930693069307
2.67326732673267
3.16831683168317
2.97029702970297
2.92079207920792
2.87128712871287
2.87128712871287
2.92079207920792
2.82178217821782
2.67326732673267
2.77227722772277
2.92079207920792
2.87128712871287
2.52475247524752
2.42574257425742
2.97029702970297
2.57425742574257
3.06930693069307
2.77227722772277
2.97029702970297
2.92079207920792
3.11881188118812
3.01980198019802
2.92079207920792
2.82178217821782
2.62376237623762
2.32673267326732
2.77227722772277
2.52475247524752
2.72277227722772
2.27722772277227
2.77227722772277
2.67326732673267
2.47524752475247
2.77227722772277
2.47524752475247
2.62376237623762
2.52475247524752
2.67326732673267
2.87128712871287
3.01980198019802
2.97029702970297
2.47524752475247
2.62376237623762
2.22772277227722
2.92079207920792
2.72277227722772
2.62376237623762
2.72277227722772
2.02970297029703
2.57425742574257
2.67326732673267
2.57425742574257
2.87128712871287
2.62376237623762
2.57425742574257
2.12871287128713
2.07920792079208
2.37623762376237
2.77227722772277
2.82178217821782
2.77227722772277
2.57425742574257
2.62376237623762
2.52475247524752
2.57425742574257
2.77227722772277
2.87128712871287
1.83168316831683
2.47524752475247
2.32673267326732
2.72277227722772
2.62376237623762
2.87128712871287
2.92079207920792
2.77227722772277
2.57425742574257
2.42574257425742
2.67326732673267
2.72277227722772
2.67326732673267
2.32673267326732
2.77227722772277
2.87128712871287
2.82178217821782
2.47524752475247
2.67326732673267
2.62376237623762
2.82178217821782
2.62376237623762
2.67326732673267
2.77227722772277
2.52475247524752
2.62376237623762
2.77227722772277
2.62376237623762
2.07920792079208
2.37623762376237
2.77227722772277
2.57425742574257
2.62376237623762
2.47524752475247
2.27722772277227
2.47524752475247
2.22772277227722
2.47524752475247
1.98019801980198
2.42574257425742
2.37623762376237
2.47524752475247
2.22772277227722
2.22772277227722
2.77227722772277
2.52475247524752
2.82178217821782
2.87128712871287
2.87128712871287
2.32673267326732
2.02970297029703
2.12871287128713
2.72277227722772
2.67326732673267
2.77227722772277
2.37623762376237
2.37623762376237
2.57425742574257
2.37623762376237
2.47524752475247
2.57425742574257
2.52475247524752
2.67326732673267
2.62376237623762
2.42574257425742
2.47524752475247
2.32673267326732
2.22772277227722
2.37623762376237
2.87128712871287
2.32673267326732
2.67326732673267
2.67326732673267
2.32673267326732
2.57425742574257
2.47524752475247
2.62376237623762
2.62376237623762
2.42574257425742
2.47524752475247
2.67326732673267
2.52475247524752
2.32673267326732
2.32673267326732
2.37623762376237
2.47524752475247
2.42574257425742
2.37623762376237
2.57425742574257
2.72277227722772
2.52475247524752
2.67326732673267
2.42574257425742
2.47524752475247
2.42574257425742
2.52475247524752
2.32673267326732
2.22772277227722
2.47524752475247
2.52475247524752
2.32673267326732
2.22772277227722
2.47524752475247
2.42574257425742
2.32673267326732
2.22772277227722
2.52475247524752
2.17821782178218
2.37623762376237
2.17821782178218
2.62376237623762
2.42574257425742
1.83168316831683
2.72277227722772
2.72277227722772
2.17821782178218
2.52475247524752
1.63366336633663
2.27722772277227
2.07920792079208
2.92079207920792
2.32673267326732
2.77227722772277
2.12871287128713
2.52475247524752
2.32673267326732
2.22772277227723
2.52475247524752
2.27722772277227
2.57425742574257
2.42574257425742
2.62376237623762
2.42574257425742
2.47524752475247
2.22772277227722
2.27722772277227
2.12871287128713
2.22772277227722
2.37623762376237
2.42574257425742
2.42574257425742
2.52475247524752
2.07920792079208
2.27722772277227
2.02970297029703
2.77227722772277
2.97029702970297
2.27722772277227
2.22772277227722
2.22772277227722
2.32673267326732
2.37623762376237
1.98019801980198
2.32673267326732
2.27722772277227
2.37623762376237
2.42574257425742
2.12871287128713
2.17821782178218
2.12871287128713
2.07920792079208
2.07920792079208
2.42574257425742
1.93069306930693
2.27722772277227
2.17821782178218
2.62376237623762
2.22772277227722
2.37623762376237
2.67326732673267
2.57425742574257
2.32673267326732
1.98019801980198
2.42574257425742
2.42574257425742
2.27722772277227
2.37623762376237
2.42574257425742
2.47524752475247
2.32673267326732
1.88118811881188
2.07920792079208
1.98019801980198
1.98019801980198
2.57425742574257
2.57425742574257
2.37623762376237
1.98019801980198
2.42574257425742
2.37623762376237
1.98019801980198
2.17821782178218
2.07920792079208
1.88118811881188
2.42574257425742
2.42574257425742
2.17821782178218
2.17821782178218
1.88118811881188
2.37623762376237
2.37623762376237
2.47524752475247
2.42574257425742
2.42574257425742
2.37623762376237
2.62376237623762
2.42574257425742
2.32673267326732
2.37623762376237
2.12871287128713
2.37623762376237
1.68316831683168
2.27722772277227
2.37623762376237
2.12871287128713
2.42574257425742
2.17821782178218
2.47524752475247
2.32673267326732
2.22772277227722
2.32673267326732
2.17821782178218
2.42574257425742
1.83168316831683
2.07920792079208
1.93069306930693
1.78217821782178
2.27722772277227
2.32673267326732
2.17821782178218
2.22772277227722
2.32673267326732
2.37623762376237
2.12871287128713
2.22772277227722
1.98019801980198
2.02970297029703
2.37623762376237
1.93069306930693
2.07920792079208
2.17821782178218
2.42574257425742
2.22772277227722
1.98019801980198
2.12871287128713
2.17821782178218
2.17821782178218
2.02970297029703
2.12871287128713
2.12871287128713
1.98019801980198
2.02970297029703
2.17821782178218
2.27722772277227
1.88118811881188
2.17821782178218
2.22772277227722
2.07920792079208
2.07920792079208
2.02970297029703
1.93069306930693
2.12871287128713
2.02970297029703
1.93069306930693
2.32673267326732
2.37623762376237
2.42574257425742
2.17821782178218
2.12871287128713
2.02970297029703
2.37623762376237
1.83168316831683
2.07920792079208
1.88118811881188
1.78217821782178
1.63366336633663
2.07920792079208
2.17821782178218
2.17821782178218
1.88118811881188
1.88118811881188
1.63366336633663
1.98019801980198
2.37623762376237
1.93069306930693
2.02970297029703
2.37623762376237
2.12871287128713
1.43564356435643
2.22772277227722
2.27722772277227
2.17821782178218
2.07920792079208
1.98019801980198
2.32673267326732
2.32673267326732
2.12871287128713
2.22772277227722
2.22772277227722
2.22772277227722
2.22772277227722
2.02970297029703
1.93069306930693
2.32673267326732
2.02970297029703
1.73267326732673
1.63366336633663
2.32673267326732
2.32673267326732
2.27722772277227
2.07920792079208
2.07920792079208
2.42574257425742
2.57425742574257
1.53465346534653
2.22772277227722
2.67326732673267
2.47524752475247
2.02970297029703
2.22772277227722
2.42574257425742
2.27722772277227
2.02970297029703
2.07920792079208
2.07920792079208
1.98019801980198
1.93069306930693
2.07920792079208
2.12871287128713
2.02970297029703
2.37623762376237
1.53465346534653
2.02970297029703
1.83168316831683
1.83168316831683
1.78217821782178
2.07920792079208
2.52475247524752
2.27722772277227
2.22772277227722
2.47524752475247
2.37623762376237
2.07920792079208
2.22772277227722
1.88118811881188
2.22772277227722
2.47524752475247
2.27722772277227
2.07920792079208
2.32673267326732
2.37623762376237
2.17821782178218
2.12871287128713
2.12871287128713
1.98019801980198
2.07920792079208
1.98019801980198
1.83168316831683
1.83168316831683
1.98019801980198
2.02970297029703
1.93069306930693
1.83168316831683
2.17821782178218
1.83168316831683
1.93069306930693
1.88118811881188
1.78217821782178
1.93069306930693
1.83168316831683
1.68316831683168
1.48514851485148
1.73267326732673
1.83168316831683
1.93069306930693
1.68316831683168
2.12871287128713
2.02970297029703
1.73267326732673
2.12871287128713
2.17821782178218
2.07920792079208
1.93069306930693
2.27722772277227
2.17821782178218
1.93069306930693
2.02970297029703
2.07920792079208
2.12871287128713
1.88118811881188
2.22772277227722
2.17821782178218
1.98019801980198
2.22772277227722
2.27722772277227
2.12871287128713
2.22772277227722
2.07920792079208
2.02970297029703
1.93069306930693
1.68316831683168
1.58415841584158
1.73267326732673
1.73267326732673
2.17821782178218
2.17821782178218
1.93069306930693
2.12871287128713
1.98019801980198
1.88118811881188
1.73267326732673
1.83168316831683
1.98019801980198
1.88118811881188
1.78217821782178
1.93069306930693
1.68316831683168
1.83168316831683
1.98019801980198
1.98019801980198
1.88118811881188
1.88118811881188
1.78217821782178
2.07920792079208
1.93069306930693
2.17821782178218
1.83168316831683
2.02970297029703
1.98019801980198
1.43564356435643
1.98019801980198
2.17821782178218
1.43564356435643
1.73267326732673
1.68316831683168
1.68316831683168
1.93069306930693
1.88118811881188
1.93069306930693
2.17821782178218
2.02970297029703
1.98019801980198
1.83168316831683
2.57425742574257
1.88118811881188
1.78217821782178
2.32673267326732
1.28712871287128
1.63366336633663
1.93069306930693
1.73267326732673
1.88118811881188
1.73267326732673
1.63366336633663
2.07920792079208
1.98019801980198
2.12871287128713
1.88118811881188
1.83168316831683
1.88118811881188
2.02970297029703
1.63366336633663
1.93069306930693
1.88118811881188
1.88118811881188
1.93069306930693
2.17821782178218
2.07920792079208
1.78217821782178
1.78217821782178
1.83168316831683
1.63366336633663
1.93069306930693
1.88118811881188
1.58415841584158
1.98019801980198
1.98019801980198
1.83168316831683
1.98019801980198
1.98019801980198
2.07920792079208
2.07920792079208
1.88118811881188
2.02970297029703
1.83168316831683
1.38613861386138
1.93069306930693
1.78217821782178
1.73267326732673
1.48514851485148
1.83168316831683
1.78217821782178
1.78217821782178
1.98019801980198
2.07920792079208
1.98019801980198
1.63366336633663
1.68316831683168
1.78217821782178
1.73267326732673
1.63366336633663
2.02970297029703
1.78217821782178
1.83168316831683
1.93069306930693
1.73267326732673
1.73267326732673
2.12871287128713
2.07920792079208
1.68316831683168
1.73267326732673
1.68316831683168
1.93069306930693
2.17821782178218
1.48514851485148
1.63366336633663
1.73267326732673
2.07920792079208
1.58415841584158
1.78217821782178
1.28712871287128
2.07920792079208
1.73267326732673
1.83168316831683
1.38613861386138
1.43564356435643
1.68316831683168
1.78217821782178
1.58415841584158
1.38613861386138
1.98019801980198
1.78217821782178
1.78217821782178
1.93069306930693
2.02970297029703
1.83168316831683
1.93069306930693
1.98019801980198
1.78217821782178
1.93069306930693
2.17821782178218
2.02970297029703
1.73267326732673
1.88118811881188
1.98019801980198
2.22772277227722
1.98019801980198
1.78217821782178
1.88118811881188
1.63366336633663
1.53465346534653
1.68316831683168
1.73267326732673
1.73267326732673
1.48514851485148
1.43564356435643
1.73267326732673
1.68316831683168
2.07920792079208
1.73267326732673
1.78217821782178
2.02970297029703
1.48514851485148
2.12871287128713
2.12871287128713
2.27722772277227
2.42574257425742
2.02970297029703
1.73267326732673
1.93069306930693
2.07920792079208
2.02970297029703
2.27722772277227
2.12871287128713
1.83168316831683
1.68316831683168
1.83168316831683
1.63366336633663
1.73267326732673
2.02970297029703
1.73267326732673
1.83168316831683
1.93069306930693
1.63366336633663
1.88118811881188
1.73267326732673
2.27722772277227
2.07920792079208
1.88118811881188
1.53465346534653
1.63366336633663
1.38613861386138
1.28712871287128
1.93069306930693
1.78217821782178
1.63366336633663
1.98019801980198
1.43564356435643
1.33663366336633
1.58415841584158
1.48514851485148
1.43564356435643
1.78217821782178
1.88118811881188
2.02970297029703
1.58415841584158
1.83168316831683
1.83168316831683
1.78217821782178
1.88118811881188
1.63366336633663
1.73267326732673
1.68316831683168
1.53465346534653
1.68316831683168
1.53465346534653
1.98019801980198
1.93069306930693
1.93069306930693
1.73267326732673
1.78217821782178
1.78217821782178
1.63366336633663
2.02970297029703
1.68316831683168
1.83168316831683
1.78217821782178
1.83168316831683
1.73267326732673
1.78217821782178
1.58415841584158
1.63366336633663
1.73267326732673
1.68316831683168
1.88118811881188
1.83168316831683
1.78217821782178
1.73267326732673
1.53465346534653
1.83168316831683
1.53465346534653
1.68316831683168
1.78217821782178
1.58415841584158
1.48514851485148
1.78217821782178
1.43564356435643
1.53465346534653
1.58415841584158
1.63366336633663
1.58415841584158
2.07920792079208
1.93069306930693
1.93069306930693
1.98019801980198
1.78217821782178
1.83168316831683
1.88118811881188
1.58415841584158
1.58415841584158
1.68316831683168
1.53465346534653
1.28712871287128
1.88118811881188
1.78217821782178
1.88118811881188
1.88118811881188
1.73267326732673
1.98019801980198
1.78217821782178
1.93069306930693
2.17821782178218
2.07920792079208
1.73267326732673
1.93069306930693
1.68316831683168
1.73267326732673
1.93069306930693
1.93069306930693
1.83168316831683
1.83168316831683
1.93069306930693
1.68316831683168
1.68316831683168
1.93069306930693
1.83168316831683
1.78217821782178
1.68316831683168
1.63366336633663
1.98019801980198
1.58415841584158
1.48514851485148
1.63366336633663
1.63366336633663
1.73267326732673
1.78217821782178
1.43564356435643
1.83168316831683
1.83168316831683
1.68316831683168
1.43564356435643
2.52475247524752
2.07920792079208
2.27722772277227
2.47524752475247
2.22772277227722
1.93069306930693
1.78217821782178
1.88118811881188
1.63366336633663
1.53465346534653
1.33663366336633
1.23762376237623
1.68316831683168
1.88118811881188
1.78217821782178
1.53465346534653
1.78217821782178
1.68316831683168
1.33663366336633
1.58415841584158
1.68316831683168
1.48514851485148
1.83168316831683
2.17821782178218
1.83168316831683
1.48514851485148
1.83168316831683
1.73267326732673
1.23762376237623
1.58415841584158
1.88118811881188
1.63366336633663
1.63366336633663
1.53465346534653
1.93069306930693
1.58415841584158
1.83168316831683
1.73267326732673
1.68316831683168
1.88118811881188
1.83168316831683
1.58415841584158
1.73267326732673
1.68316831683168
1.88118811881188
1.28712871287128
1.53465346534653
1.58415841584158
1.58415841584158
1.48514851485148
1.78217821782178
1.68316831683168
1.78217821782178
1.63366336633663
1.58415841584158
1.53465346534653
1.48514851485148
1.68316831683168
1.98019801980198
1.68316831683168
1.73267326732673
1.83168316831683
1.48514851485148
1.53465346534653
1.73267326732673
1.78217821782178
1.63366336633663
1.78217821782178
1.43564356435643
1.73267326732673
1.78217821782178
1.68316831683168
1.83168316831683
1.68316831683168
1.18811881188119
1.33663366336633
1.58415841584158
1.58415841584158
1.63366336633663
1.28712871287128
1.63366336633663
1.93069306930693
1.78217821782178
1.88118811881188
1.68316831683168
1.43564356435643
1.63366336633663
1.63366336633663
1.53465346534653
1.83168316831683
1.73267326732673
1.58415841584158
1.73267326732673
1.53465346534653
1.78217821782178
1.88118811881188
1.48514851485148
1.43564356435643
1.48514851485148
1.73267326732673
1.58415841584158
1.48514851485148
1.48514851485148
1.33663366336633
1.93069306930693
1.78217821782178
1.88118811881188
1.93069306930693
1.63366336633663
1.63366336633663
1.73267326732673
1.88118811881188
1.63366336633663
1.58415841584158
1.33663366336633
1.48514851485148
1.88118811881188
1.98019801980198
1.93069306930693
1.53465346534653
1.43564356435643
1.53465346534653
1.33663366336633
1.33663366336633
1.43564356435643
1.38613861386138
1.18811881188118
1.38613861386138
1.73267326732673
1.88118811881188
1.58415841584158
1.73267326732673
1.83168316831683
1.68316831683168
1.88118811881188
2.02970297029703
1.48514851485148
