2.10579692975108
1.91676067683282
2.17008204679908
2.0618342303999
2.24683301133516
2.38144860706393
2.12477101467858
2.41155674205912
2.24480343727029
2.17168004367325
2.25702314423905
2.14620994213714
2.14620994213714
2.07292314848234
2.11015346547573
2.34461898144911
2.14033800503322
2.24683301133516
2.10308152316734
2.25040281103611
2.17168004367325
2.50106670799713
2.60866447550714
2.18011081878165
2.35632110923398
2.67499655326133
2.29527832461039
2.3328966531507
2.35632110923398
2.47576112827504
2.38101014180348
2.38098185094945
2.44554366799319
2.48872353014018
2.48872353014018
2.39492152549566
2.53747503007468
2.61221685777494
2.37328367844022
2.46790824678343
2.4609519836352
2.57911622569909
2.3660492322788
2.31465871022064
2.38101014180348
2.27472629609802
2.35243959437681
2.27472629609802
2.48686428656816
2.26717738021888
2.42909499412284
2.27472629609802
2.3660492322788
2.26717738021888
2.26717738021888
2.36220271332023
2.37574697227055
2.41966675916908
2.47533936896782
2.54876304336031
2.52301034794799
2.35394241396451
2.40780157473605
2.67499655326133
2.34467644032437
2.34467644032437
2.41966675916908
2.34467644032437
2.37574697227055
2.37574697227055
2.34467644032437
2.33439281687354
2.36220271332023
2.47537565216322
2.47027718534654
2.3810478624193
2.39114023353149
2.25044272081733
2.39492152549566
2.38101014180348
2.55232841968838
2.41966675916908
2.54110926184667
2.40780157473605
2.48872353014018
2.4609519836352
2.38537704820808
2.36946785618234
2.38873981279078
2.50476273071565
2.3328966531507
2.52162609969511
2.56252760841386
2.5128359090314
2.43935371149849
2.50468543475841
2.61329232790081
2.4620108120869
2.5718666535168
2.5801934836575
2.76902499504963
2.5718666535168
2.48801089783456
2.50468543475841
2.49459386223038
2.47172967341115
2.5801934836575
2.51222012110302
2.51221026726932
2.56252760841386
2.51071696471314
2.54076701703481
2.59384830753997
2.56252760841386
2.47172967341115
2.62629913956114
2.45122354943258
2.47172967341115
2.5875178710096
2.50820641235333
2.60691414939511
2.49459386223038
2.51222012110302
2.59919205568008
2.50464590061848
2.49459386223038
2.69880531665252
2.51271768945496
2.49459386223038
2.51271768945496
2.50820641235333
2.51222012110301
2.60355519091519
2.67627519477335
2.64926365229923
2.65924768476608
2.51271768945496
2.70207335523508
2.50010025554027
2.66824822468267
2.59919205568008
2.70207335523508
2.59919205568008
2.47163953466273
2.51071696471314
2.50468543475841
2.60935819349296
2.48039269230864
2.60694263688729
2.51071696471314
2.58745090069042
2.48031284898624
2.51069724520807
2.59384830753997
2.5875178710096
2.78175305385453
2.51071696471314
2.60694263688729
2.61080455835464
2.51071696471314
2.49459386223038
2.48039269230864
2.42625277570975
2.61128334195092
2.60691414939511
2.59919205568008
2.50820641235333
2.48039269230864
2.5718666535168
2.59384830753997
2.70440394301579
2.6107950766048
2.60355519091519
2.59919205568008
2.50468543475841
2.50817680343032
2.49459386223038
2.48039269230864
2.48801089783456
2.51271768945496
2.60355519091519
2.60694263688729
2.48801089783456
2.60694263688729
2.69880531665252
2.59384830753997
2.61080455835464
2.50820641235333
2.49459386223038
2.60694263688729
2.48031284898624
2.60933921944731
2.78175305385453
2.51071696471314
2.70207335523508
2.51271768945496
2.50464590061848
2.61128334195092
2.59914443477137
2.70626147979105
2.56243100294787
2.6107950766048
2.51069724520807
2.51271768945496
2.59914443477137
2.50010025554027
2.49459386223038
2.79757063396554
2.48801089783456
2.48039269230864
2.48039269230864
2.50817680343032
2.47163953466273
2.48794124899145
2.69459641641581
2.69880531665252
2.6894422372638
2.51069724520807
2.51069724520807
2.51071696471314
2.60933921944731
2.61128334195092
2.51071696471314
2.70579950236078
2.50468543475841
2.70207335523508
2.51221026726932
2.61128334195092
2.50817680343032
2.59914443477137
2.51069724520807
2.5801934836575
2.50817680343032
2.60355519091519
2.50468543475841
2.60691414939511
2.51071696471314
2.51271768945496
2.50820641235333
2.60694263688729
2.6107950766048
2.61128334195092
2.50468543475841
2.51222012110302
2.50817680343032
2.60691414939511
2.60933921944731
2.61128334195092
2.51221026726932
2.60933921944731
2.60935819349296
2.5001497629662
2.51222012110301
2.50468543475841
2.51221026726932
2.51271768945496
2.51221026726932
2.51222012110302
2.50817680343032
2.50010025554027
2.51271768945496
2.61080455835464
2.50817680343032
2.50010025554027
2.79801745921132
2.51221026726932
2.60691414939511
2.50010025554027
2.61080455835464
2.49453432088408
2.60933921944731
2.68938700974211
2.50820641235333
2.51221026726932
2.42625277570975
2.5001497629662
2.59919205568008
2.49453432088408
2.51222012110302
2.3629648568582
2.50464590061848
2.48031284898624
2.66824822468267
2.60691414939511
2.59384830753997
2.58745090069042
2.61080455835464
2.50817680343032
2.69455048159308
2.61080455835464
2.50464590061848
2.70440394301579
2.70579035349644
2.60694263688729
2.6107950766048
2.61128334195092
2.50010025554027
2.50464590061848
2.48794124899145
2.50010025554027
2.51069724520807
2.6107950766048
2.6107950766048
2.61080455835464
2.58011672873471
2.60351715810276
2.47163953466273
2.59384830753997
2.46201081208689
2.69876862616749
2.59914443477137
2.50010025554027
2.50817680343032
2.60933921944731
2.56243100294787
2.50817680343032
2.60351715810276
2.51069724520807
2.51221026726932
2.68327275328733
2.59379104461387
2.77578874801103
2.67620119552832
2.58011672873471
2.51221026726932
2.55205853879315
2.60351715810276
2.59379104461387
2.60694263688729
2.69455048159308
2.51069724520807
2.50468543475841
2.51071696471314
2.60691414939511
2.46191026234059
2.6107950766048
2.51221026726932
2.50464590061848
2.51069724520807
2.51221026726932
2.51271768945496
2.60691414939511
2.43923193054364
2.58011672873472
2.46191026234059
2.46191026234059
2.51071696471314
2.60935819349296
2.51069724520807
2.56243100294787
2.6107950766048
2.60933921944731
2.65915459308385
2.49453432088408
2.76895347450941
2.63817236379366
2.6107950766048
2.51221026726932
2.49453432088408
2.68938700974211
2.43923193054364
2.51069724520807
2.60933921944731
2.51271768945496
2.51221026726932
2.6107950766048
2.51069724520807
2.60694263688729
2.51221026726932
2.50817680343032
2.51069724520807
2.48794124899145
2.51069724520807
2.38053624922983
2.50464590061848
2.79620317077406
2.58745090069042
2.6107950766048
2.49453432088408
2.51271768945496
2.50817680343032
2.50010025554027
2.79394029864946
2.59379104461386
2.6107950766048
2.62617660139989
2.48031284898624
2.64916086534539
2.61315970664719
2.87983560428143
2.60691414939511
2.49453432088408
2.59914443477137
2.60691414939511
2.60933921944731
2.48794124899145
2.69455048159308
2.65915459308385
2.668164724939
2.60933921944731
2.74282770066368
2.48031284898624
2.68938700974211
2.51221026726932
2.59914443477137
2.56243100294787
2.58745090069042
2.59379104461387
2.49453432088408
2.47163953466273
2.58745090069042
2.68327275328733
2.46191026234059
2.668164724939
2.49453432088408
2.69876862616749
2.43923193054364
2.49453432088408
2.50010025554027
2.58011672873472
2.48031284898624
2.668164724939
2.45111245771722
2.58745090069041
2.57178002448855
2.55205853879315
2.50817680343032
2.51069724520807
2.51221026726932
2.49453432088408
2.68327275328733
2.47163953466273
2.51069724520807
2.42625277570975
2.58011672873472
2.43923193054364
2.41215725904084
2.3629648568582
2.48031284898624
2.59379104461387
2.49453432088408
2.54065009712753
2.43923193054364
2.46751968984999
2.75248136323744
2.70438563581387
2.45111245771722
2.47163953466273
2.51069724520807
2.48794124899145
2.28028575810811
2.59914443477137
2.50464590061848
2.87104571511333
2.58011672873471
2.56243100294787
2.50817680343032
2.50817680343032
2.48794124899145
2.50010025554027
2.59914443477137
2.50010025554027
2.50010025554027
2.47163953466273
2.55205853879315
2.60691414939511
2.57178002448855
2.39692568576835
2.3629648568582
2.60691414939511
2.7020458707
2.60351715810276
2.48031284898624
2.67620119552832
2.6107950766048
2.60935819349296
2.32416717268611
2.59914443477137
2.60355519091519
2.61128334195092
2.57178002448855
2.59914443477137
2.51221026726932
2.50464590061848
2.47163953466273
2.48031284898624
2.67620119552832
2.65915459308385
2.55205853879315
2.58011672873471
2.48794124899145
2.668164724939
2.70438563581387
2.43039164573166
2.57178002448855
2.52819165347285
2.42625277570975
2.51466760177044
2.48031284898624
2.61080455835464
2.50464590061848
2.50010025554027
2.61128334195092
2.60933921944731
2.48031284898624
2.78669208971928
2.63817236379366
2.50010025554027
2.51271768945496
2.50464590061848
2.58011672873472
2.50817680343032
2.60933921944731
2.59379104461387
2.48794124899145
2.58745090069042
2.56243100294787
2.48031284898624
2.46191026234059
2.62617660139989
2.52819165347285
2.65915459308385
2.57178002448855
2.64916086534539
2.52819165347285
2.59379104461386
2.52819165347285
2.74282770066369
2.54065009712754
2.97469421498184
2.55205853879315
2.42625277570975
2.58399958281696
2.61120750089656
2.59910633741621
2.62617660139989
2.45111245771722
2.58399958281696
2.58745090069042
2.47163953466273
2.39692568576835
2.48794124899145
2.49453432088408
2.58011672873472
2.45111245771722
2.60351715810276
2.49453432088408
2.45111245771722
2.47163953466273
2.58011672873472
2.58745090069042
2.54065009712754
2.59914443477137
2.59379104461387
2.84274588382781
2.69455048159308
2.50464590061848
2.58745090069042
2.69455048159308
2.58011672873472
2.57178002448855
2.45111245771722
2.38053624922983
2.44954148580823
2.50006064889366
2.59910633741621
2.59379104461387
2.49453432088408
2.55205853879315
2.68327275328733
2.46191026234059
2.54065009712754
2.5991063374162
2.52819165347285
2.46191026234059
2.54065009712753
2.70807203698405
2.55205853879315
2.48435169389274
2.42625277570975
2.46191026234059
2.65915459308385
2.54065009712753
2.43923193054364
2.41215725904084
2.48031284898624
2.45111245771722
2.49453432088408
2.42625277570975
2.47163953466273
2.46191026234059
2.28028575810811
2.56243100294787
2.49453432088408
2.28028575810811
2.59910633741621
2.48435169389274
2.38053624922983
2.45111245771722
2.43923193054364
2.45111245771722
2.49453432088408
2.47163953466273
2.75248136323744
2.52819165347285
2.60935819349296
2.54065009712753
2.61315970664719
2.50817680343032
2.20425797084934
2.3629648568582
2.45111245771722
2.59910633741621
2.63817236379366
2.69451373317109
2.46751968984999
2.48031284898624
2.56243100294787
2.48794124899145
2.43923193054364
2.42625277570975
2.43923193054364
2.47163953466273
2.66434878157842
2.45111245771722
2.43923193054364
2.43923193054364
2.45111245771722
2.49453432088408
2.48031284898624
2.51466760177044
2.51466760177044
2.42625277570975
2.66434878157842
2.64916086534539
2.43923193054364
2.34418492991596
2.56243100294787
2.65915459308385
2.52819165347285
2.56243100294787
2.56243100294787
2.58011672873472
2.48031284898624
2.43923193054364
2.47163953466273
2.52819165347285
2.36561908911249
2.45111245771722
2.41215725904084
2.39692568576835
2.41004224084091
2.42625277570975
2.51466760177044
2.41215725904084
2.56243100294787
2.58011672873471
2.56243100294787
2.66434878157842
2.48435169389274
2.41215725904084
2.5991063374162
2.46751968984999
2.57178002448855
2.70807203698405
2.52819165347285
2.64916086534539
2.69451373317109
2.50006064889366
2.48794124899145
2.67620119552832
2.58399958281696
2.50006064889366
2.58399958281696
2.64916086534539
2.49453432088408
2.51263887331387
2.46751968984999
2.5991063374162
2.58011672873472
2.44954148580823
2.51466760177044
2.20425797084934
2.58011672873471
2.50006064889366
2.52819165347285
2.25634730698155
2.28028575810811
2.48435169389274
2.41215725904084
2.34418492991596
2.36561908911249
2.56243100294787
2.51466760177044
2.51466760177044
2.55205853879315
2.47163953466273
2.42625277570975
2.55205853879315
2.46191026234059
2.51466760177044
2.45111245771722
2.49453432088408
2.47163953466273
2.39692568576835
2.43923193054364
2.46191026234059
2.50010025554027
2.56243100294787
2.51466760177045
2.54065009712754
2.46751968984999
2.43039164573166
2.38053624922983
2.50006064889366
2.50006064889366
2.41004224084091
2.38846261090292
2.50006064889366
2.38053624922983
2.58011672873472
2.5991063374162
2.51466760177044
2.57178002448855
2.41004224084091
2.58745090069041
2.48794124899145
2.50464590061848
2.51221026726932
2.57178002448855
2.5991063374162
2.55205853879315
2.58011672873472
2.47163953466273
2.50464590061848
2.58745090069042
2.42625277570975
2.38053624922983
2.42625277570975
2.3629648568582
2.39692568576835
2.47163953466273
2.39692568576835
2.42625277570975
2.55205853879315
2.3629648568582
2.43923193054364
2.39692568576835
2.60351715810276
2.48031284898624
2.43923193054364
2.53216390794371
2.56782085139285
2.57026354385584
2.42257181774945
2.45111245771722
2.61315970664719
2.46751968984999
2.56243100294787
2.28028575810811
2.23102066123638
2.34418492991596
2.30287930590966
2.28028575810811
2.88855589656768
2.54065009712753
2.668164724939
2.34418492991596
2.62617660139989
2.42625277570975
2.61315970664719
2.43923193054364
2.46751968984999
2.50006064889366
2.38053624922983
2.53216390794371
2.38053624922983
2.32416717268611
2.65915459308385
2.45111245771722
2.55205853879315
2.39692568576835
2.41215725904084
2.41215725904084
2.56782085139285
2.668164724939
2.48435169389274
2.52819165347285
2.41215725904084
2.62617660139989
2.5991063374162
2.51466760177044
2.44954148580823
2.3629648568582
2.39692568576835
2.58399958281696
2.54065009712754
2.62617660139989
2.70807203698405
2.50006064889366
2.43039164573166
2.42625277570975
2.32416717268611
2.6799448406728
2.61315970664719
2.44954148580823
2.41004224084091
2.41215725904084
2.28028575810811
2.32416717268611
2.44954148580823
2.3629648568582
2.64770740467987
2.58011672873471
2.55205853879315
2.45111245771722
2.56243100294787
2.51466760177045
2.52819165347285
2.54065009712753
2.55054974382898
2.55054974382898
2.48435169389274
2.63000086725143
2.31598871048703
2.43923193054364
2.61315970664719
2.63817236379367
2.63817236379367
2.5991063374162
2.56243100294787
2.51466760177044
2.55205853879315
2.49453432088408
2.67620119552832
2.5991063374162
2.64916086534539
2.58399958281696
2.5991063374162
2.55205853879315
2.45111245771722
2.42625277570975
2.52819165347285
2.55205853879315
2.6799448406728
2.58399958281696
2.74282770066369
2.52819165347285
2.41215725904084
2.38053624922983
2.46751968984999
2.56243100294787
2.44954148580823
2.41004224084091
2.46751968984999
2.46751968984999
2.5991063374162
2.51466760177044
2.28028575810811
2.42625277570975
2.42625277570975
2.38053624922983
2.49194786236223
2.61080455835464
2.48031284898624
2.50464590061848
2.51271768945496
2.50010025554027
2.45111245771722
2.41215725904084
2.43923193054364
2.3629648568582
2.32416717268611
2.23102066123638
2.28911635972074
2.38053624922983
2.43923193054364
2.51466760177044
2.32416717268611
2.41215725904084
2.38053624922983
2.34147468402162
2.64770740467987
2.38053624922983
2.30287930590966
2.52819165347285
2.49453432088408
2.52819165347285
2.41004224084091
2.90033705918671
2.50006064889366
2.28911635972074
2.34418492991596
2.54065009712753
2.56782085139285
2.56782085139285
2.63000086725143
2.55205853879315
2.34418492991596
2.52819165347285
2.39692568576835
2.6799448406728
2.43923193054364
2.52819165347285
2.34418492991596
2.39692568576835
2.48435169389274
2.43923193054364
2.31598871048703
2.32416717268611
2.55054974382898
2.34418492991596
2.41004224084091
2.41215725904084
2.48435169389274
2.41215725904084
2.3629648568582
2.55054974382898
2.32416717268611
2.51263887331386
2.38053624922983
2.56243100294787
2.38053624922983
2.39692568576835
2.52819165347285
2.70618830050479
2.63000086725143
2.39692568576835
2.41215725904084
2.3629648568582
2.51466760177044
2.77938044604966
2.39692568576835
2.41215725904084
2.58399958281696
2.72063486098204
2.48435169389274
2.369874301451
2.4469479358917
2.55054974382898
2.44954148580823
2.3629648568582
2.42257181774945
2.3629648568582
2.64916086534539
2.41215725904084
2.43923193054364
2.38053624922983
2.38846261090292
2.66434878157842
2.56782085139285
2.43039164573166
2.52819165347285
2.50006064889366
2.34418492991596
2.59910633741621
2.63000086725143
2.41215725904084
2.43923193054364
2.30287930590966
2.28028575810811
2.51263887331387
2.39692568576835
2.34418492991596
2.41004224084091
2.41004224084091
2.23102066123638
2.45111245771722
2.51466760177044
2.63817236379366
2.55205853879315
2.66434878157842
2.3629648568582
2.39692568576835
2.43923193054364
2.56782085139285
2.64770740467987
2.4469479358917
2.41004224084091
2.43923193054364
2.46191026234059
2.45111245771722
2.43039164573166
2.38846261090292
2.43039164573166
2.34147468402162
2.23102066123638
2.49194786236223
2.57026354385584
2.67047855633206
2.57026354385584
2.50006064889366
2.43923193054364
2.34418492991596
2.39692568576835
2.42625277570975
2.48435169389274
2.43923193054364
2.57178002448855
2.51263887331386
