859 860 910 911 400 925 1801 1802 1803 643 1805
185 184 700 402 352 455 648 647 412 411 413 644 1796
185 184 700 402 352 455 648 647 412 411 413 643 1805
185 184 700 402 352 455 648 647 412 411 413 642 975
185 184 700 402 352 455 648 647 412 411 413 645 1753
185 184 700 402 352 455 648 647 412 411 413 641 1763
698 700 402 352 455 648 647 412 411 413 644 1796
698 700 402 352 455 648 647 412 411 413 643 1805
698 700 402 352 455 648 647 412 411 413 642 975
698 700 402 352 455 648 647 412 411 413 645 1753
698 700 402 352 455 648 647 412 411 413 641 1763
69 498 697 352 455 648 647 412 411 413 644 1796
69 498 697 352 455 648 647 412 411 413 643 1805
69 498 697 352 455 648 647 412 411 413 642 975
69 498 697 352 455 648 647 412 411 413 645 1753
69 498 697 352 455 648 647 412 411 413 641 1763
50 184 700 402 352 455 648 647 412 411 413 644 1796
50 184 700 402 352 455 648 647 412 411 413 643 1805
50 184 700 402 352 455 648 647 412 411 413 642 975
50 184 700 402 352 455 648 647 412 411 413 645 1753
50 184 700 402 352 455 648 647 412 411 413 641 1763
859 860 910 911 400 925 926 1836 1837 422 593
859 860 910 911 400 925 926 1843 1844 1845 459
664 452 507 250 443 438 647 412 411 413 644 1796
664 452 507 250 443 438 647 412 411 413 643 1805
664 452 507 250 443 438 647 412 411 413 642 975
664 452 507 250 443 438 647 412 411 413 645 1753
664 452 507 250 443 438 647 412 411 413 641 1763
859 860 910 911 400 925 926 947 948 949 952
858 860 910 911 400 925 1801 1802 1803 643 1805
698 700 402 352 455 648 647 412 411 413 644 1796
698 700 402 352 455 648 647 412 411 413 643 1805
698 700 402 352 455 648 647 412 411 413 642 975
698 700 402 352 455 648 647 412 411 413 645 1753
698 700 402 352 455 648 647 412 411 413 641 1763
405 621 452 507 250 443 438 647 412 411 413 644 1796
405 621 452 507 250 443 438 647 412 411 413 643 1805
405 621 452 507 250 443 438 647 412 411 413 642 975
594 661 269 507 250 443 438 647 412 411 413 644 1796
594 661 269 507 250 443 438 647 412 411 413 643 1805
594 661 269 507 250 443 438 647 412 411 413 642 975
405 621 452 507 250 443 438 647 412 411 413 645 1753
405 621 452 507 250 443 438 647 412 411 413 641 1763
594 661 269 507 250 443 438 647 412 411 413 645 1753
594 661 269 507 250 443 438 647 412 411 413 641 1763
69 498 697 352 455 648 647 412 411 413 644 1796
69 498 697 352 455 648 647 412 411 413 643 1805
69 498 697 352 455 648 647 412 411 413 642 975
52 570 569 508 250 443 438 647 412 411 413 644 1796
52 570 569 508 250 443 438 647 412 411 413 643 1805
52 570 569 508 250 443 438 647 412 411 413 642 975
69 498 697 352 455 648 647 412 411 413 645 1753
69 498 697 352 455 648 647 412 411 413 641 1763
52 570 569 508 250 443 438 647 412 411 413 645 1753
52 570 569 508 250 443 438 647 412 411 413 641 1763
673 675 397 442 370 1050 1053 76 1092 1093 75 1166 1167
673 675 397 442 370 1050 1053 76 1092 1093 75 1153 1154
622 621 452 507 250 443 438 647 412 411 413 644 1796
622 621 452 507 250 443 438 647 412 411 413 643 1805
622 621 452 507 250 443 438 647 412 411 413 642 975
622 621 452 507 250 443 438 647 412 411 413 645 1753
622 621 452 507 250 443 438 647 412 411 413 641 1763
185 184 700 402 352 455 648 647 864 424 1845 459
858 860 910 911 400 925 926 1836 1837 422 593
545 570 569 508 250 443 438 647 412 411 413 644 1796
545 570 569 508 250 443 438 647 412 411 413 643 1805
545 570 569 508 250 443 438 647 412 411 413 642 975
664 452 507 250 443 438 647 412 411 413 644 1796
664 452 507 250 443 438 647 412 411 413 643 1805
664 452 507 250 443 438 647 412 411 413 642 975
545 570 569 508 250 443 438 647 412 411 413 645 1753
545 570 569 508 250 443 438 647 412 411 413 641 1763
664 452 507 250 443 438 647 412 411 413 645 1753
664 452 507 250 443 438 647 412 411 413 641 1763
698 700 402 352 455 648 647 864 424 1845 459
497 495 312 363 392 396 406 1053 76 1092 1093 75 1166 1167
497 495 312 363 392 396 406 1053 76 1092 1093 75 1153 1154
69 498 697 352 455 648 647 864 424 1845 459
185 184 700 402 352 455 648 647 412 411 419 418 1823
185 184 700 402 352 455 648 647 412 411 955 960 961
858 860 910 911 400 925 926 1843 1844 1845 459
50 184 700 402 352 455 648 647 864 424 1845 459
590 589 572 113 571 648 647 412 411 413 644 1796
590 589 572 113 571 648 647 412 411 413 643 1805
590 589 572 113 571 648 647 412 411 413 642 975
858 860 910 911 400 925 926 947 948 949 952
590 589 572 113 571 648 647 412 411 413 645 1753
590 589 572 113 571 648 647 412 411 413 641 1763
673 675 397 442 370 1050 1053 76 1092 1093 1437 1439
490 341 504 499 433 571 648 647 412 411 413 644 1796
490 341 504 499 433 571 648 647 412 411 413 643 1805
490 341 504 499 433 571 648 647 412 411 413 642 975
490 341 504 499 433 571 648 647 412 411 413 645 1753
490 341 504 499 433 571 648 647 412 411 413 641 1763
56 679 680 389 636 442 370 1050 1053 76 1092 1093 75 1166 1167
56 679 680 389 636 442 370 1050 1053 76 1092 1093 75 1153 1154
181 180 464 463 460 708 648 647 412 411 413 644 1796
181 180 464 463 460 708 648 647 412 411 413 643 1805
181 180 464 463 460 708 648 647 412 411 413 642 975
698 700 402 352 455 648 647 412 411 419 418 1823
698 700 402 352 455 648 647 412 411 955 960 961
181 180 464 463 460 708 648 647 412 411 413 645 1753
181 180 464 463 460 708 648 647 412 411 413 641 1763
673 675 397 442 371 438 647 864 417 416 1831
673 675 397 442 371 438 647 864 996 1000 522
673 675 397 442 371 438 647 864 428 456 994
673 675 397 442 371 438 647 864 1540 1542 1544
674 675 397 442 370 1050 1053 76 1092 1093 75 1166 1167
674 675 397 442 370 1050 1053 76 1092 1093 75 1153 1154
69 498 697 352 455 648 647 412 411 419 418 1823
69 498 697 352 455 648 647 412 411 955 960 961
50 184 700 402 352 455 648 647 412 411 419 418 1823
545 544 542 506 250 443 438 647 412 411 413 644 1796
545 544 542 506 250 443 438 647 412 411 413 643 1805
545 544 542 506 250 443 438 647 412 411 413 642 975
50 184 700 402 352 455 648 647 412 411 955 960 961
634 679 680 389 636 442 370 1050 1053 76 1092 1093 75 1166 1167
545 544 542 506 250 443 438 647 412 411 413 645 1753
545 544 542 506 250 443 438 647 412 411 413 641 1763
634 679 680 389 636 442 370 1050 1053 76 1092 1093 75 1153 1154
875 876 877 18 629 99 628 1824 1825 1826 417 416 1831
497 495 312 363 392 396 406 1053 76 1092 1093 1437 1439
673 675 397 442 370 1050 1053 76 1092 1093 75 1166 1167
664 452 507 250 443 438 647 864 424 1845 459
673 675 397 442 370 1050 1053 76 1092 1093 75 1153 1154
497 495 312 347 440 439 438 647 864 417 416 1831
497 495 312 347 440 439 438 647 864 996 1000 522
497 495 312 347 440 439 438 647 864 428 456 994
497 495 312 347 440 439 438 647 864 1540 1542 1544
674 685 331 690 440 439 438 647 412 411 413 644 1796
674 685 331 690 440 439 438 647 412 411 413 643 1805
674 685 331 690 440 439 438 647 412 411 413 642 975
673 675 397 442 371 438 647 656 77 1811 1813
185 184 700 402 352 455 648 647 656 423 422 593
185 184 700 402 352 455 648 647 656 415 414 592
185 184 700 402 352 455 648 647 988 458 949 952
674 685 331 690 440 439 438 647 412 411 413 645 1753
674 685 331 690 440 439 438 647 412 411 413 641 1763
375 514 513 445 398 639 1050 1053 76 1092 1093 75 1166 1167
595 421 420 394 568 227 443 438 647 864 417 416 1831
595 421 420 394 568 227 443 438 647 864 996 1000 522
595 421 420 394 568 227 443 438 647 864 428 456 994
595 421 420 394 568 227 443 438 647 864 1540 1542 1544
375 514 513 445 398 639 1050 1053 76 1092 1093 75 1153 1154
56 679 680 389 636 442 370 1050 1053 76 1092 1093 1437 1439
538 537 270 402 352 455 648 647 412 411 413 644 1796
538 537 270 402 352 455 648 647 412 411 413 643 1805
538 537 270 402 352 455 648 647 412 411 413 642 975
538 537 270 402 352 455 648 647 412 411 413 645 1753
538 537 270 402 352 455 648 647 412 411 413 641 1763
875 876 877 18 629 99 628 1815 1816 86 419 418 1823
518 82 513 445 398 639 1050 1053 76 1092 1093 75 1166 1167
674 675 397 442 370 1050 1053 76 1092 1093 1437 1439
554 502 499 433 571 648 647 412 411 413 644 1796
554 502 499 433 571 648 647 412 411 413 643 1805
554 502 499 433 571 648 647 412 411 413 642 975
673 675 397 442 371 438 647 656 423 422 593
554 502 499 433 571 648 647 412 411 413 645 1753
554 502 499 433 571 648 647 412 411 413 641 1763
150 188 466 463 460 708 648 647 412 411 413 644 1796
150 188 466 463 460 708 648 647 412 411 413 643 1805
150 188 466 463 460 708 648 647 412 411 413 642 975
518 82 513 445 398 639 1050 1053 76 1092 1093 75 1153 1154
698 700 402 352 455 648 647 656 423 422 593
698 700 402 352 455 648 647 656 415 414 592
698 700 402 352 455 648 647 988 458 949 952
68 530 528 697 352 455 648 647 412 411 413 644 1796
68 530 528 697 352 455 648 647 412 411 413 643 1805
68 530 528 697 352 455 648 647 412 411 413 642 975
465 143 179 613 454 693 696 647 864 417 416 1831
465 143 179 613 454 693 696 647 864 996 1000 522
465 143 179 613 454 693 696 647 864 428 456 994
465 143 179 613 454 693 696 647 864 1540 1542 1544
150 188 466 463 460 708 648 647 412 411 413 645 1753
150 188 466 463 460 708 648 647 412 411 413 641 1763
68 530 528 697 352 455 648 647 412 411 413 645 1753
68 530 528 697 352 455 648 647 412 411 413 641 1763
33 498 697 352 455 648 647 864 417 416 1831
33 498 697 352 455 648 647 864 996 1000 522
33 498 697 352 455 648 647 864 428 456 994
33 498 697 352 455 648 647 864 1540 1542 1544
56 679 680 389 636 442 371 438 647 864 417 416 1831
56 679 680 389 636 442 371 438 647 864 996 1000 522
56 679 680 389 636 442 371 438 647 864 428 456 994
56 679 680 389 636 442 371 438 647 864 1540 1542 1544
595 421 420 395 446 444 443 438 647 864 417 416 1831
595 421 420 395 446 444 443 438 647 864 996 1000 522
595 421 420 395 446 444 443 438 647 864 428 456 994
595 421 420 395 446 444 443 438 647 864 1540 1542 1544
739 565 740 12 308 306 473 906 657 644 1796
515 514 513 445 398 639 1050 1053 76 1092 1093 75 1166 1167
673 675 397 442 371 438 647 656 415 414 592
324 261 491 340 95 571 648 647 412 411 413 644 1796
324 261 491 340 95 571 648 647 412 411 413 643 1805
324 261 491 340 95 571 648 647 412 411 413 642 975
634 679 680 389 636 442 370 1050 1053 76 1092 1093 1437 1439
324 261 491 340 95 571 648 647 412 411 413 645 1753
324 261 491 340 95 571 648 647 412 411 413 641 1763
664 452 507 250 443 438 647 412 411 419 418 1823
185 184 700 402 352 455 648 647 412 411 89 287 310
515 514 513 445 398 639 1050 1053 76 1092 1093 75 1153 1154
664 452 507 250 443 438 647 412 411 955 960 961
52 570 569 508 250 443 438 647 412 411 413 644 1796
52 570 569 508 250 443 438 647 412 411 413 643 1805
52 570 569 508 250 443 438 647 412 411 413 642 975
497 495 312 363 392 396 406 1053 76 1092 1093 75 1166 1167
739 565 740 12 308 306 473 956 1803 643 1805
739 565 740 12 308 306 473 956 973 642 975
69 498 697 352 455 648 647 656 423 422 593
69 498 697 352 455 648 647 656 415 414 592
69 498 697 352 455 648 647 988 458 949 952
52 570 569 508 250 443 438 647 412 411 413 645 1753
52 570 569 508 250 443 438 647 412 411 413 641 1763
497 495 312 363 392 396 406 1053 76 1092 1093 75 1153 1154
50 184 700 402 352 455 648 647 656 423 422 593
50 184 700 402 352 455 648 647 656 415 414 592
50 184 700 402 352 455 648 647 988 458 949 952
674 675 397 442 371 438 647 864 417 416 1831
674 675 397 442 371 438 647 864 996 1000 522
674 675 397 442 371 438 647 864 428 456 994
674 675 397 442 371 438 647 864 1540 1542 1544
594 661 269 507 250 443 438 647 412 411 413 644 1796
594 661 269 507 250 443 438 647 412 411 413 643 1805
594 661 269 507 250 443 438 647 412 411 413 642 975
497 495 312 246 441 439 438 647 864 417 416 1831
497 495 312 246 441 439 438 647 864 996 1000 522
497 495 312 246 441 439 438 647 864 428 456 994
497 495 312 246 441 439 438 647 864 1540 1542 1544
497 495 312 347 440 439 438 647 656 77 1811 1813
594 661 269 507 250 443 438 647 412 411 413 645 1753
594 661 269 507 250 443 438 647 412 411 413 641 1763
739 565 17 307 81 306 473 906 657 644 1796
703 464 463 460 708 648 647 412 411 413 644 1796
703 464 463 460 708 648 647 412 411 413 643 1805
703 464 463 460 708 648 647 412 411 413 642 975
703 464 463 460 708 648 647 412 411 413 645 1753
703 464 463 460 708 648 647 412 411 413 641 1763
695 485 251 377 433 571 648 647 412 411 413 644 1796
695 485 251 377 433 571 648 647 412 411 413 643 1805
695 485 251 377 433 571 648 647 412 411 413 642 975
695 485 336 407 95 571 648 647 412 411 413 644 1796
695 485 336 407 95 571 648 647 412 411 413 643 1805
695 485 336 407 95 571 648 647 412 411 413 642 975
695 485 251 377 433 571 648 647 412 411 413 645 1753
695 485 336 407 95 571 648 647 412 411 413 645 1753
695 485 251 377 433 571 648 647 412 411 413 641 1763
695 485 336 407 95 571 648 647 412 411 413 641 1763
634 679 680 389 636 442 371 438 647 864 417 416 1831
634 679 680 389 636 442 371 438 647 864 996 1000 522
634 679 680 389 636 442 371 438 647 864 428 456 994
634 679 680 389 636 442 371 438 647 864 1540 1542 1544
739 565 17 307 81 306 473 956 1803 643 1805
739 565 17 307 81 306 473 956 973 642 975
595 421 420 394 568 227 443 438 647 656 77 1811 1813
622 621 620 360 394 568 227 443 438 647 864 417 416 1831
622 621 620 360 394 568 227 443 438 647 864 996 1000 522
622 621 620 360 394 568 227 443 438 647 864 428 456 994
622 621 620 360 394 568 227 443 438 647 864 1540 1542 1544
512 668 671 672 227 443 438 647 412 411 413 644 1796
512 668 671 672 227 443 438 647 412 411 413 643 1805
512 668 671 672 227 443 438 647 412 411 413 642 975
185 184 700 402 352 455 648 647 864 1540 1542 1544
512 668 671 672 227 443 438 647 412 411 413 645 1753
512 668 671 672 227 443 438 647 412 411 413 641 1763
54 261 491 340 95 571 648 647 412 411 413 644 1796
54 261 491 340 95 571 648 647 412 411 413 643 1805
54 261 491 340 95 571 648 647 412 411 413 642 975
673 675 397 442 370 1050 1053 76 1092 1093 1437 1439
698 700 402 352 455 648 647 864 424 1845 459
54 261 491 340 95 571 648 647 412 411 413 645 1753
54 261 491 340 95 571 648 647 412 411 413 641 1763
698 700 402 352 455 648 647 412 411 89 287 310
185 184 700 402 352 455 648 647 864 428 456 994
531 530 528 697 352 455 648 647 412 411 413 644 1796
497 495 312 363 370 1050 1053 76 1092 1093 75 1166 1167
531 530 528 697 352 455 648 647 412 411 413 643 1805
531 530 528 697 352 455 648 647 412 411 413 642 975
531 530 528 697 352 455 648 647 412 411 413 645 1753
531 530 528 697 352 455 648 647 412 411 413 641 1763
497 495 312 363 370 1050 1053 76 1092 1093 75 1153 1154
497 495 312 347 440 439 438 647 656 423 422 593
375 514 513 445 398 639 1050 1053 76 1092 1093 1437 1439
309 800 567 566 307 81 306 473 906 657 644 1796
405 621 452 507 250 443 438 647 864 424 1845 459
594 661 269 507 250 443 438 647 864 424 1845 459
69 498 697 352 455 648 647 412 411 89 287 310
465 143 179 613 454 693 696 647 656 77 1811 1813
496 495 312 363 392 396 406 1053 76 1092 1093 75 1166 1167
590 589 572 113 571 648 647 412 411 413 644 1796
590 589 572 113 571 648 647 412 411 413 643 1805
590 589 572 113 571 648 647 412 411 413 642 975
33 498 697 352 455 648 647 656 77 1811 1813
50 184 700 402 352 455 648 647 412 411 89 287 310
56 679 680 389 636 442 371 438 647 656 77 1811 1813
595 421 420 395 446 444 443 438 647 656 77 1811 1813
69 498 697 352 455 648 647 864 424 1845 459
590 589 572 113 571 648 647 412 411 413 645 1753
590 589 572 113 571 648 647 412 411 413 641 1763
673 675 397 442 371 438 647 412 411 419 418 1823
673 675 397 442 371 438 647 412 411 89 287 310
594 421 420 394 568 227 443 438 647 864 417 416 1831
594 421 420 394 568 227 443 438 647 864 996 1000 522
594 421 420 394 568 227 443 438 647 864 428 456 994
594 421 420 394 568 227 443 438 647 864 1540 1542 1544
674 675 397 442 370 1050 1053 76 1092 1093 75 1166 1167
497 495 312 347 440 439 438 647 656 415 414 592
496 495 312 363 392 396 406 1053 76 1092 1093 75 1153 1154
309 800 567 566 307 81 306 473 956 1803 643 1805
309 800 567 566 307 81 306 473 956 973 642 975
52 570 569 508 250 443 438 647 864 424 1845 459
595 421 420 394 568 227 443 438 647 656 423 422 593
673 675 397 442 371 438 647 864 417 416 1831
673 675 397 442 371 438 647 864 996 1000 522
673 675 397 442 371 438 647 864 428 456 994
673 675 397 442 371 438 647 864 1540 1542 1544
405 621 620 360 394 568 227 443 438 647 864 417 416 1831
405 621 620 360 394 568 227 443 438 647 864 996 1000 522
405 621 620 360 394 568 227 443 438 647 864 428 456 994
405 621 620 360 394 568 227 443 438 647 864 1540 1542 1544
375 514 513 445 444 443 438 647 864 417 416 1831
375 514 513 445 444 443 438 647 864 996 1000 522
375 514 513 445 444 443 438 647 864 428 456 994
375 514 513 445 444 443 438 647 864 1540 1542 1544
674 675 397 442 370 1050 1053 76 1092 1093 75 1153 1154
698 700 402 352 455 648 647 864 1540 1542 1544
874 876 877 18 629 99 628 1824 1825 1826 417 416 1831
614 187 186 613 454 693 696 647 864 417 416 1831
614 187 186 613 454 693 696 647 864 996 1000 522
614 187 186 613 454 693 696 647 864 428 456 994
614 187 186 613 454 693 696 647 864 1540 1542 1544
189 188 466 463 460 708 648 647 412 411 413 644 1796
189 188 466 463 460 708 648 647 412 411 413 643 1805
189 188 466 463 460 708 648 647 412 411 413 642 975
595 421 420 394 568 227 443 438 647 656 415 414 592
518 82 513 445 398 639 1050 1053 76 1092 1093 1437 1439
189 188 466 463 460 708 648 647 412 411 413 645 1753
189 188 466 463 460 708 648 647 412 411 413 641 1763
698 700 402 352 455 648 647 864 428 456 994
674 675 397 442 371 438 647 656 77 1811 1813
497 495 312 246 441 439 438 647 656 77 1811 1813
185 184 700 402 352 455 648 647 864 417 416 1831
69 498 697 352 455 648 647 864 1540 1542 1544
324 261 491 488 555 432 708 648 647 864 417 416 1831
324 261 491 488 555 432 708 648 647 864 996 1000 522
324 261 491 488 555 432 708 648 647 864 428 456 994
324 261 491 488 555 432 708 648 647 864 1540 1542 1544
627 626 625 697 352 455 648 647 412 411 413 644 1796
627 626 625 697 352 455 648 647 412 411 413 643 1805
627 626 625 697 352 455 648 647 412 411 413 642 975
515 514 513 445 398 639 1050 1053 76 1092 1093 1437 1439
50 184 700 402 352 455 648 647 864 1540 1542 1544
698 700 402 352 455 648 647 412 411 419 418 1823
518 82 513 445 444 443 438 647 864 417 416 1831
518 82 513 445 444 443 438 647 864 996 1000 522
518 82 513 445 444 443 438 647 864 428 456 994
518 82 513 445 444 443 438 647 864 1540 1542 1544
465 143 179 613 454 693 696 647 656 423 422 593
627 626 625 697 352 455 648 647 412 411 413 645 1753
627 626 625 697 352 455 648 647 412 411 413 641 1763
698 700 402 352 455 648 647 412 411 955 960 961
517 516 513 445 398 639 1050 1053 76 1092 1093 75 1166 1167
594 421 420 395 446 444 443 438 647 864 417 416 1831
594 421 420 395 446 444 443 438 647 864 996 1000 522
594 421 420 395 446 444 443 438 647 864 428 456 994
594 421 420 395 446 444 443 438 647 864 1540 1542 1544
69 498 697 352 455 648 647 864 428 456 994
33 498 697 352 455 648 647 656 423 422 593
634 679 680 389 636 442 371 438 647 656 77 1811 1813
56 679 680 389 636 442 371 438 647 656 423 422 593
595 421 420 395 446 444 443 438 647 656 423 422 593
622 621 620 360 394 568 227 443 438 647 656 77 1811 1813
497 495 312 363 392 396 406 1053 76 1092 1093 1437 1439
50 184 700 402 352 455 648 647 864 428 456 994
517 516 513 445 398 639 1050 1053 76 1092 1093 75 1153 1154
694 51 562 560 366 555 432 708 648 647 864 417 416 1831
694 51 562 560 366 555 432 708 648 647 864 996 1000 522
694 51 562 560 366 555 432 708 648 647 864 428 456 994
694 51 562 560 366 555 432 708 648 647 864 1540 1542 1544
493 311 312 363 392 396 406 1053 76 1092 1093 75 1166 1167
185 184 700 402 352 455 648 647 864 996 1000 522
465 143 179 613 454 693 696 647 656 415 414 592
249 51 562 560 366 555 432 708 648 647 864 417 416 1831
249 51 562 560 366 555 432 708 648 647 864 996 1000 522
249 51 562 560 366 555 432 708 648 647 864 428 456 994
249 51 562 560 366 555 432 708 648 647 864 1540 1542 1544
515 514 513 445 444 443 438 647 864 417 416 1831
515 514 513 445 444 443 438 647 864 996 1000 522
515 514 513 445 444 443 438 647 864 428 456 994
515 514 513 445 444 443 438 647 864 1540 1542 1544
33 498 697 352 455 648 647 656 415 414 592
56 679 680 389 636 442 371 438 647 656 415 414 592
595 421 420 394 568 227 443 438 647 864 417 416 1831
595 421 420 394 568 227 443 438 647 864 996 1000 522
595 421 420 394 568 227 443 438 647 864 428 456 994
595 421 420 394 568 227 443 438 647 864 1540 1542 1544
493 311 312 363 392 396 406 1053 76 1092 1093 75 1153 1154
595 421 420 395 446 444 443 438 647 656 415 414 592
664 452 507 250 443 438 647 656 423 422 593
664 452 507 250 443 438 647 656 415 414 592
664 452 507 250 443 438 647 988 458 949 952
405 621 452 507 250 443 438 647 412 411 419 418 1823
594 661 269 507 250 443 438 647 412 411 419 418 1823
405 621 452 507 250 443 438 647 412 411 955 960 961
594 661 269 507 250 443 438 647 412 411 955 960 961
622 621 452 507 250 443 438 647 864 424 1845 459
673 675 397 442 371 438 647 988 1706 1707 1709
673 675 397 442 371 438 647 988 1567 1569 1571
673 675 397 442 371 438 647 988 1552 1554 1556
674 675 397 442 371 438 647 656 423 422 593
69 498 697 352 455 648 647 412 411 419 418 1823
497 495 312 347 440 439 438 647 864 417 416 1831
497 495 312 347 440 439 438 647 864 996 1000 522
497 495 312 347 440 439 438 647 864 428 456 994
497 495 312 347 440 439 438 647 864 1540 1542 1544
448 272 447 363 392 396 406 1053 76 1092 1093 75 1166 1167
185 184 700 402 352 455 648 647 412 411 1619 1623 1625
69 498 697 352 455 648 647 412 411 955 960 961
545 570 569 508 250 443 438 647 412 411 413 644 1796
545 570 569 508 250 443 438 647 412 411 413 643 1805
545 570 569 508 250 443 438 647 412 411 413 642 975
52 570 569 508 250 443 438 647 412 411 419 418 1823
497 495 312 246 441 439 438 647 656 423 422 593
52 570 569 508 250 443 438 647 412 411 955 960 961
698 700 402 352 455 648 647 864 417 416 1831
545 570 569 508 250 443 438 647 412 411 413 645 1753
545 570 569 508 250 443 438 647 412 411 413 641 1763
501 500 499 433 571 648 647 412 411 413 644 1796
501 500 499 433 571 648 647 412 411 413 643 1805
501 500 499 433 571 648 647 412 411 413 642 975
448 272 447 363 392 396 406 1053 76 1092 1093 75 1153 1154
674 675 397 442 371 438 647 656 415 414 592
501 500 499 433 571 648 647 412 411 413 645 1753
501 500 499 433 571 648 647 412 411 413 641 1763
54 261 491 488 555 432 708 648 647 864 417 416 1831
54 261 491 488 555 432 708 648 647 864 996 1000 522
54 261 491 488 555 432 708 648 647 864 428 456 994
54 261 491 488 555 432 708 648 647 864 1540 1542 1544
552 551 550 445 398 639 1050 1053 76 1092 1093 75 1166 1167
171 170 589 572 113 571 648 647 412 411 413 644 1796
171 170 589 572 113 571 648 647 412 411 413 643 1805
171 170 589 572 113 571 648 647 412 411 413 642 975
497 495 312 347 440 439 438 647 412 411 419 418 1823
497 495 312 347 440 439 438 647 412 411 89 287 310
874 876 877 18 629 99 628 1815 1816 86 419 418 1823
497 495 312 246 441 439 438 647 656 415 414 592
594 421 420 394 568 227 443 438 647 656 77 1811 1813
171 170 589 572 113 571 648 647 412 411 413 645 1753
171 170 589 572 113 571 648 647 412 411 413 641 1763
634 679 680 389 636 442 371 438 647 656 423 422 593
673 675 397 442 371 438 647 656 77 1811 1813
552 551 550 445 398 639 1050 1053 76 1092 1093 75 1153 1154
622 621 620 360 394 568 227 443 438 647 656 423 422 593
405 621 620 360 394 568 227 443 438 647 656 77 1811 1813
375 514 513 445 444 443 438 647 656 77 1811 1813
662 269 507 250 443 438 647 412 411 413 644 1796
662 269 507 250 443 438 647 412 411 413 643 1805
662 269 507 250 443 438 647 412 411 413 642 975
69 498 697 352 455 648 647 864 417 416 1831
698 700 402 352 455 648 647 864 996 1000 522
595 421 420 395 446 444 443 438 647 864 417 416 1831
595 421 420 395 446 444 443 438 647 864 996 1000 522
595 421 420 395 446 444 443 438 647 864 428 456 994
595 421 420 395 446 444 443 438 647 864 1540 1542 1544
662 269 507 250 443 438 647 412 411 413 645 1753
662 269 507 250 443 438 647 412 411 413 641 1763
595 421 420 394 568 227 443 438 647 412 411 419 418 1823
595 421 420 394 568 227 443 438 647 412 411 89 287 310
518 82 513 445 398 639 1050 1053 76 1092 1093 75 1166 1167
497 495 312 363 370 1050 1053 76 1092 1093 1437 1439
634 679 680 389 636 442 371 438 647 656 415 414 592
614 187 186 613 454 693 696 647 656 77 1811 1813
50 184 700 402 352 455 648 647 864 417 416 1831
622 621 620 360 394 568 227 443 438 647 656 415 414 592
611 338 236 407 95 571 648 647 412 411 413 644 1796
611 338 236 407 95 571 648 647 412 411 413 643 1805
611 338 236 407 95 571 648 647 412 411 413 642 975
518 82 513 445 398 639 1050 1053 76 1092 1093 75 1153 1154
611 338 546 377 433 571 648 647 412 411 413 644 1796
611 338 546 377 433 571 648 647 412 411 413 643 1805
611 338 546 377 433 571 648 647 412 411 413 642 975
611 338 236 407 95 571 648 647 412 411 413 645 1753
611 338 236 407 95 571 648 647 412 411 413 641 1763
611 338 546 377 433 571 648 647 412 411 413 645 1753
611 338 546 377 433 571 648 647 412 411 413 641 1763
185 184 700 402 352 455 648 647 412 411 177 640 1742
496 495 312 363 392 396 406 1053 76 1092 1093 1437 1439
465 143 179 613 454 693 696 647 864 417 416 1831
465 143 179 613 454 693 696 647 864 996 1000 522
465 143 179 613 454 693 696 647 864 428 456 994
465 143 179 613 454 693 696 647 864 1540 1542 1544
324 261 491 488 555 432 708 648 647 656 77 1811 1813
698 700 402 352 455 648 647 412 411 1619 1623 1625
69 498 697 352 455 648 647 864 996 1000 522
673 675 397 442 371 438 647 412 411 413 643 1805
673 675 397 442 371 438 647 412 411 413 644 1796
673 675 397 442 371 438 647 412 411 413 642 975
673 675 397 442 371 438 647 412 411 413 641 1763
673 675 397 442 371 438 647 412 411 413 645 1753
33 498 697 352 455 648 647 412 411 413 644 1796
33 498 697 352 455 648 647 412 411 413 643 1805
33 498 697 352 455 648 647 412 411 413 642 975
490 341 504 499 433 571 648 647 412 411 413 644 1796
490 341 504 499 433 571 648 647 412 411 413 643 1805
490 341 504 499 433 571 648 647 412 411 413 642 975
674 675 397 442 370 1050 1053 76 1092 1093 1437 1439
518 82 513 445 444 443 438 647 656 77 1811 1813
664 452 507 250 443 438 647 412 411 89 287 310
33 498 697 352 455 648 647 412 411 413 645 1753
33 498 697 352 455 648 647 412 411 413 641 1763
490 341 504 499 433 571 648 647 412 411 413 645 1753
490 341 504 499 433 571 648 647 412 411 413 641 1763
50 184 700 402 352 455 648 647 864 996 1000 522
545 570 569 508 250 443 438 647 864 424 1845 459
664 452 507 250 443 438 647 864 424 1845 459
594 421 420 395 446 444 443 438 647 656 77 1811 1813
594 421 420 394 568 227 443 438 647 656 423 422 593
448 272 279 319 315 439 438 647 412 411 413 644 1796
448 272 279 319 315 439 438 647 412 411 413 643 1805
448 272 279 319 315 439 438 647 412 411 413 642 975
622 621 452 507 250 443 438 647 412 411 419 418 1823
673 675 397 442 371 438 647 656 423 422 593
622 621 452 507 250 443 438 647 412 411 955 960 961
405 621 620 360 394 568 227 443 438 647 656 423 422 593
465 143 179 613 454 693 696 647 412 411 419 418 1823
465 143 179 613 454 693 696 647 412 411 89 287 310
694 51 562 560 366 555 432 708 648 647 656 77 1811 1813
497 495 312 363 371 438 647 864 417 416 1831
497 495 312 363 371 438 647 864 996 1000 522
497 495 312 363 371 438 647 864 428 456 994
497 495 312 363 371 438 647 864 1540 1542 1544
448 272 279 319 315 439 438 647 412 411 413 645 1753
448 272 279 319 315 439 438 647 412 411 413 641 1763
375 514 513 445 444 443 438 647 656 423 422 593
875 876 877 18 629 99 628 1806 1807 4 77 1811 1813
496 495 312 347 440 439 438 647 864 417 416 1831
496 495 312 347 440 439 438 647 864 996 1000 522
496 495 312 347 440 439 438 647 864 428 456 994
496 495 312 347 440 439 438 647 864 1540 1542 1544
249 51 562 560 366 555 432 708 648 647 656 77 1811 1813
33 498 697 352 455 648 647 412 411 419 418 1823
33 498 697 352 455 648 647 412 411 89 287 310
69 498 697 352 455 648 647 412 411 1619 1623 1625
33 498 697 352 455 648 647 864 417 416 1831
33 498 697 352 455 648 647 864 996 1000 522
33 498 697 352 455 648 647 864 428 456 994
33 498 697 352 455 648 647 864 1540 1542 1544
56 679 680 389 636 442 371 438 647 412 411 419 418 1823
56 679 680 389 636 442 371 438 647 412 411 89 287 310
595 421 420 395 446 444 443 438 647 412 411 419 418 1823
595 421 420 395 446 444 443 438 647 412 411 89 287 310
545 570 569 508 250 443 438 647 864 417 416 1831
545 570 569 508 250 443 438 647 864 996 1000 522
545 570 569 508 250 443 438 647 864 428 456 994
545 570 569 508 250 443 438 647 864 1540 1542 1544
515 514 513 445 444 443 438 647 656 77 1811 1813
595 421 420 394 568 227 443 438 647 656 77 1811 1813
185 184 700 402 352 455 648 647 412 411 781 660 863
594 421 420 394 568 227 443 438 647 656 415 414 592
50 184 700 402 352 455 648 647 412 411 1619 1623 1625
614 187 186 613 454 693 696 647 656 423 422 593
673 675 397 442 371 438 647 656 415 414 592
405 621 620 360 394 568 227 443 438 647 656 415 414 592
497 495 312 347 440 439 438 647 988 1706 1707 1709
497 495 312 347 440 439 438 647 988 1567 1569 1571
497 495 312 347 440 439 438 647 988 1552 1554 1556
375 514 513 445 444 443 438 647 656 415 414 592
673 675 397 442 371 438 647 864 424 1845 459
53 272 447 363 392 396 406 1053 76 1092 1093 75 1166 1167
497 495 312 246 441 439 438 647 864 417 416 1831
497 495 312 246 441 439 438 647 864 996 1000 522
497 495 312 246 441 439 438 647 864 428 456 994
497 495 312 246 441 439 438 647 864 1540 1542 1544
497 495 312 347 440 439 438 647 656 77 1811 1813
674 675 397 442 371 438 647 864 417 416 1831
674 675 397 442 371 438 647 864 996 1000 522
674 675 397 442 371 438 647 864 428 456 994
674 675 397 442 371 438 647 864 1540 1542 1544
614 187 186 613 454 693 696 647 656 415 414 592
698 700 402 352 455 648 647 412 411 177 640 1742
517 516 513 445 398 639 1050 1053 76 1092 1093 1437 1439
53 272 447 363 392 396 406 1053 76 1092 1093 75 1153 1154
664 452 507 250 443 438 647 864 1540 1542 1544
324 261 491 488 555 432 708 648 647 656 423 422 593
674 675 397 442 371 438 647 412 411 419 418 1823
674 675 397 442 371 438 647 412 411 89 287 310
595 421 420 394 568 227 443 438 647 988 1706 1707 1709
595 421 420 394 568 227 443 438 647 988 1567 1569 1571
595 421 420 394 568 227 443 438 647 988 1552 1554 1556
554 502 499 433 571 648 647 412 411 413 644 1796
554 502 499 433 571 648 647 412 411 413 643 1805
554 502 499 433 571 648 647 412 411 413 642 975
372 516 513 445 398 639 1050 1053 76 1092 1093 75 1166 1167
54 261 491 488 555 432 708 648 647 656 77 1811 1813
590 589 572 113 571 648 647 864 424 1845 459
676 617 677 635 636 442 370 1050 1053 76 1092 1093 75 1166 1167
518 82 513 445 444 443 438 647 656 423 422 593
497 495 312 246 441 439 438 647 412 411 419 418 1823
497 495 312 246 441 439 438 647 412 411 89 287 310
554 502 499 433 571 648 647 412 411 413 645 1753
554 502 499 433 571 648 647 412 411 413 641 1763
493 311 312 363 392 396 406 1053 76 1092 1093 1437 1439
69 498 697 326 401 1031 638 637 1415 1416 1417
594 421 420 395 446 444 443 438 647 656 423 422 593
760 761 765 766 13 776 5 423 422 593
664 452 507 250 443 438 647 864 428 456 994
490 341 504 499 433 571 648 647 864 424 1845 459
698 700 402 352 455 648 647 656 423 422 593
698 700 402 352 455 648 647 656 415 414 592
698 700 402 352 455 648 647 988 458 949 952
372 516 513 445 398 639 1050 1053 76 1092 1093 75 1153 1154
676 617 677 635 636 442 370 1050 1053 76 1092 1093 75 1153 1154
324 261 491 488 555 432 708 648 647 656 415 414 592
517 516 513 445 444 443 438 647 864 417 416 1831
517 516 513 445 444 443 438 647 864 996 1000 522
517 516 513 445 444 443 438 647 864 428 456 994
517 516 513 445 444 443 438 647 864 1540 1542 1544
209 208 585 572 113 571 648 647 412 411 413 644 1796
209 208 585 572 113 571 648 647 412 411 413 643 1805
209 208 585 572 113 571 648 647 412 411 413 642 975
694 51 562 560 366 555 432 708 648 647 656 423 422 593
545 544 542 506 250 443 438 647 412 411 413 644 1796
545 544 542 506 250 443 438 647 412 411 413 643 1805
545 544 542 506 250 443 438 647 412 411 413 642 975
518 82 513 445 444 443 438 647 656 415 414 592
69 498 697 352 455 648 647 412 411 177 640 1742
209 208 585 572 113 571 648 647 412 411 413 645 1753
209 208 585 572 113 571 648 647 412 411 413 641 1763
249 51 562 560 366 555 432 708 648 647 656 423 422 593
595 421 420 395 446 444 443 438 647 656 77 1811 1813
634 679 680 389 636 442 371 438 647 412 411 419 418 1823
634 679 680 389 636 442 371 438 647 412 411 89 287 310
545 544 542 506 250 443 438 647 412 411 413 645 1753
545 544 542 506 250 443 438 647 412 411 413 641 1763
515 514 513 445 444 443 438 647 656 423 422 593
594 421 420 395 446 444 443 438 647 656 415 414 592
622 621 620 360 394 568 227 443 438 647 412 411 419 418 1823
622 621 620 360 394 568 227 443 438 647 412 411 89 287 310
760 761 765 766 13 776 6 415 414 592
595 421 420 394 568 227 443 438 647 656 423 422 593
50 184 700 402 352 455 648 647 412 411 177 640 1742
545 570 569 568 227 443 438 647 864 417 416 1831
545 570 569 568 227 443 438 647 864 996 1000 522
545 570 569 568 227 443 438 647 864 428 456 994
545 570 569 568 227 443 438 647 864 1540 1542 1544
496 495 312 363 392 396 406 1053 76 1092 1093 75 1166 1167
448 272 447 363 392 396 406 1053 76 1092 1093 1437 1439
698 700 402 352 455 648 647 412 411 781 660 863
497 495 312 363 370 1050 1053 76 1092 1093 75 1166 1167
493 311 312 347 440 439 438 647 864 417 416 1831
493 311 312 347 440 439 438 647 864 996 1000 522
493 311 312 347 440 439 438 647 864 428 456 994
493 311 312 347 440 439 438 647 864 1540 1542 1544
694 51 562 560 366 555 432 708 648 647 656 415 414 592
545 570 569 508 250 443 438 647 412 411 419 418 1823
594 421 420 394 568 227 443 438 647 864 417 416 1831
594 421 420 394 568 227 443 438 647 864 996 1000 522
594 421 420 394 568 227 443 438 647 864 428 456 994
594 421 420 394 568 227 443 438 647 864 1540 1542 1544
664 452 507 250 443 438 647 412 411 419 418 1823
545 570 569 508 250 443 438 647 412 411 955 960 961
496 495 312 363 392 396 406 1053 76 1092 1093 75 1153 1154
493 311 312 273 315 439 438 647 412 411 413 644 1796
493 311 312 273 315 439 438 647 412 411 413 643 1805
493 311 312 273 315 439 438 647 412 411 413 642 975
664 452 507 250 443 438 647 412 411 955 960 961
249 51 562 560 366 555 432 708 648 647 656 415 414 592
405 621 452 507 250 443 438 647 656 423 422 593
405 621 452 507 250 443 438 647 656 415 414 592
594 661 269 507 250 443 438 647 656 423 422 593
594 661 269 507 250 443 438 647 656 415 414 592
405 621 452 507 250 443 438 647 988 458 949 952
181 180 179 613 454 693 696 647 864 417 416 1831
181 180 179 613 454 693 696 647 864 996 1000 522
181 180 179 613 454 693 696 647 864 428 456 994
181 180 179 613 454 693 696 647 864 1540 1542 1544
594 661 269 507 250 443 438 647 988 458 949 952
515 514 513 445 444 443 438 647 656 415 414 592
493 311 312 273 315 439 438 647 412 411 413 645 1753
493 311 312 273 315 439 438 647 412 411 413 641 1763
465 143 179 613 454 693 696 647 988 1706 1707 1709
465 143 179 613 454 693 696 647 988 1567 1569 1571
465 143 179 613 454 693 696 647 988 1552 1554 1556
497 495 312 363 370 1050 1053 76 1092 1093 75 1153 1154
465 143 179 613 454 693 696 647 656 77 1811 1813
497 495 312 347 440 439 438 647 656 423 422 593
595 421 420 394 568 227 443 438 647 656 415 414 592
552 551 550 445 398 639 1050 1053 76 1092 1093 1437 1439
497 495 312 347 440 439 438 647 412 411 413 643 1805
497 495 312 347 440 439 438 647 412 411 413 644 1796
497 495 312 347 440 439 438 647 412 411 413 642 975
497 495 312 347 440 439 438 647 412 411 413 641 1763
497 495 312 347 440 439 438 647 412 411 413 645 1753
33 498 697 352 455 648 647 988 1706 1707 1709
33 498 697 352 455 648 647 988 1567 1569 1571
33 498 697 352 455 648 647 988 1552 1554 1556
181 180 464 463 460 708 648 647 864 424 1845 459
56 679 680 389 636 442 371 438 647 988 1706 1707 1709
56 679 680 389 636 442 371 438 647 988 1567 1569 1571
56 679 680 389 636 442 371 438 647 988 1552 1554 1556
595 421 420 395 446 444 443 438 647 988 1706 1707 1709
595 421 420 395 446 444 443 438 647 988 1567 1569 1571
595 421 420 395 446 444 443 438 647 988 1552 1554 1556
69 498 697 352 455 648 647 656 423 422 593
69 498 697 352 455 648 647 656 415 414 592
182 180 464 463 460 708 648 647 412 411 413 644 1796
182 180 464 463 460 708 648 647 412 411 413 643 1805
182 180 464 463 460 708 648 647 412 411 413 642 975
69 498 697 352 455 648 647 988 458 949 952
493 267 318 316 315 439 438 647 412 411 413 644 1796
493 267 318 316 315 439 438 647 412 411 413 643 1805
493 267 318 316 315 439 438 647 412 411 413 642 975
52 570 569 508 250 443 438 647 656 423 422 593
52 570 569 508 250 443 438 647 656 415 414 592
52 570 569 508 250 443 438 647 988 458 949 952
182 180 464 463 460 708 648 647 412 411 413 645 1753
182 180 464 463 460 708 648 647 412 411 413 641 1763
493 267 318 316 315 439 438 647 412 411 413 645 1753
493 267 318 316 315 439 438 647 412 411 413 641 1763
54 261 491 488 555 432 708 648 647 656 423 422 593
69 498 697 352 455 648 647 412 411 781 660 863
558 557 118 366 555 432 708 648 647 864 417 416 1831
558 557 118 366 555 432 708 648 647 864 996 1000 522
558 557 118 366 555 432 708 648 647 864 428 456 994
558 557 118 366 555 432 708 648 647 864 1540 1542 1544
497 495 312 347 440 439 438 647 656 415 414 592
698 700 402 352 455 648 647 864 417 416 1831
698 700 402 352 455 648 647 864 996 1000 522
698 700 402 352 455 648 647 864 428 456 994
698 700 402 352 455 648 647 864 1540 1542 1544
545 570 569 446 444 443 438 647 864 417 416 1831
545 570 569 446 444 443 438 647 864 996 1000 522
545 570 569 446 444 443 438 647 864 428 456 994
545 570 569 446 444 443 438 647 864 1540 1542 1544
258 257 500 499 433 571 648 647 412 411 413 644 1796
258 257 500 499 433 571 648 647 412 411 413 643 1805
258 257 500 499 433 571 648 647 412 411 413 642 975
674 685 331 690 440 439 438 647 412 411 413 644 1796
674 685 331 690 440 439 438 647 412 411 413 643 1805
674 685 331 690 440 439 438 647 412 411 413 642 975
595 421 420 394 568 227 443 438 647 412 411 413 643 1805
595 421 420 394 568 227 443 438 647 412 411 413 644 1796
595 421 420 394 568 227 443 438 647 412 411 413 642 975
595 421 420 394 568 227 443 438 647 412 411 413 641 1763
595 421 420 394 568 227 443 438 647 412 411 413 645 1753
50 184 700 402 352 455 648 647 412 411 781 660 863
518 82 513 445 398 639 1050 1053 76 1092 1093 1437 1439
258 257 500 499 433 571 648 647 412 411 413 645 1753
703 464 463 460 708 648 647 412 411 413 644 1796
703 464 463 460 708 648 647 412 411 413 643 1805
703 464 463 460 708 648 647 412 411 413 642 975
258 257 500 499 433 571 648 647 412 411 413 641 1763
552 551 550 445 444 443 438 647 864 417 416 1831
552 551 550 445 444 443 438 647 864 996 1000 522
552 551 550 445 444 443 438 647 864 428 456 994
552 551 550 445 444 443 438 647 864 1540 1542 1544
559 557 118 366 555 432 708 648 647 864 417 416 1831
559 557 118 366 555 432 708 648 647 864 996 1000 522
559 557 118 366 555 432 708 648 647 864 428 456 994
559 557 118 366 555 432 708 648 647 864 1540 1542 1544
255 687 26 690 440 439 438 647 412 411 413 644 1796
255 687 26 690 440 439 438 647 412 411 413 643 1805
255 687 26 690 440 439 438 647 412 411 413 642 975
674 685 331 690 440 439 438 647 412 411 413 645 1753
674 685 331 690 440 439 438 647 412 411 413 641 1763
497 495 312 363 371 438 647 656 77 1811 1813
496 495 312 246 441 439 438 647 864 417 416 1831
496 495 312 246 441 439 438 647 864 996 1000 522
496 495 312 246 441 439 438 647 864 428 456 994
496 495 312 246 441 439 438 647 864 1540 1542 1544
324 261 491 488 555 432 455 648 647 864 417 416 1831
324 261 491 488 555 432 455 648 647 864 996 1000 522
324 261 491 488 555 432 455 648 647 864 428 456 994
324 261 491 488 555 432 455 648 647 864 1540 1542 1544
703 464 463 460 708 648 647 412 411 413 645 1753
703 464 463 460 708 648 647 412 411 413 641 1763
496 495 312 347 440 439 438 647 656 77 1811 1813
255 687 26 690 440 439 438 647 412 411 413 645 1753
255 687 26 690 440 439 438 647 412 411 413 641 1763
33 498 697 352 455 648 647 656 77 1811 1813
622 621 620 362 395 446 444 443 438 647 864 417 416 1831
622 621 620 362 395 446 444 443 438 647 864 996 1000 522
622 621 620 362 395 446 444 443 438 647 864 428 456 994
622 621 620 362 395 446 444 443 438 647 864 1540 1542 1544
54 261 491 488 555 432 708 648 647 656 415 414 592
545 570 569 508 250 443 438 647 656 77 1811 1813
594 421 420 394 568 227 443 438 647 412 411 419 418 1823
594 421 420 394 568 227 443 438 647 412 411 89 287 310
664 452 507 250 443 438 647 864 417 416 1831
595 421 420 395 446 444 443 438 647 656 423 422 593
674 675 397 442 371 438 647 988 1706 1707 1709
674 675 397 442 371 438 647 988 1567 1569 1571
674 675 397 442 371 438 647 988 1552 1554 1556
497 495 312 273 315 439 438 647 412 411 413 644 1796
497 495 312 273 315 439 438 647 412 411 413 643 1805
497 495 312 273 315 439 438 647 412 411 413 642 975
614 187 186 613 454 693 696 647 864 417 416 1831
614 187 186 613 454 693 696 647 864 996 1000 522
614 187 186 613 454 693 696 647 864 428 456 994
614 187 186 613 454 693 696 647 864 1540 1542 1544
673 675 397 442 371 438 647 412 411 419 418 1823
673 675 397 442 371 438 647 412 411 89 287 310
405 621 620 360 394 568 227 443 438 647 412 411 419 418 1823
405 621 620 360 394 568 227 443 438 647 412 411 89 287 310
185 184 700 402 352 455 648 647 988 1567 1569 1571
185 184 700 402 352 455 648 647 988 1552 1554 1556
497 495 312 273 315 439 438 647 412 411 413 645 1753
497 495 312 273 315 439 438 647 412 411 413 641 1763
375 514 513 445 444 443 438 647 412 411 419 418 1823
375 514 513 445 444 443 438 647 412 411 89 287 310
497 495 312 246 441 439 438 647 988 1706 1707 1709
497 495 312 246 441 439 438 647 988 1567 1569 1571
497 495 312 246 441 439 438 647 988 1552 1554 1556
497 495 312 347 440 439 438 647 864 424 1845 459
545 544 542 506 250 443 438 647 864 424 1845 459
738 567 566 307 81 306 473 906 657 644 1796
594 421 420 395 446 444 443 438 647 864 417 416 1831
594 421 420 395 446 444 443 438 647 864 996 1000 522
594 421 420 395 446 444 443 438 647 864 428 456 994
594 421 420 395 446 444 443 438 647 864 1540 1542 1544
590 589 572 113 571 648 647 412 411 419 418 1823
698 700 402 352 455 648 647 412 411 89 287 310
518 82 513 445 444 443 438 647 864 417 416 1831
518 82 513 445 444 443 438 647 864 996 1000 522
518 82 513 445 444 443 438 647 864 428 456 994
518 82 513 445 444 443 438 647 864 1540 1542 1544
590 589 572 113 571 648 647 412 411 955 960 961
497 495 312 246 441 439 438 647 656 77 1811 1813
694 51 562 560 366 555 432 455 648 647 864 417 416 1831
694 51 562 560 366 555 432 455 648 647 864 996 1000 522
694 51 562 560 366 555 432 455 648 647 864 428 456 994
694 51 562 560 366 555 432 455 648 647 864 1540 1542 1544
595 421 420 395 446 444 443 438 647 656 415 414 592
674 675 397 442 371 438 647 656 77 1811 1813
490 341 504 499 433 571 648 647 412 411 419 418 1823
614 187 186 613 454 693 696 647 412 411 419 418 1823
614 187 186 613 454 693 696 647 412 411 89 287 310
249 51 562 560 366 555 432 455 648 647 864 417 416 1831
249 51 562 560 366 555 432 455 648 647 864 996 1000 522
249 51 562 560 366 555 432 455 648 647 864 428 456 994
249 51 562 560 366 555 432 455 648 647 864 1540 1542 1544
490 341 504 499 433 571 648 647 412 411 955 960 961
465 143 179 613 454 693 696 647 656 423 422 593
738 567 566 307 81 306 473 956 1803 643 1805
738 567 566 307 81 306 473 956 973 642 975
702 353 573 95 571 648 647 412 411 413 644 1796
702 353 573 95 571 648 647 412 411 413 643 1805
702 353 573 95 571 648 647 412 411 413 642 975
595 421 420 394 568 227 443 438 647 864 424 1845 459
634 679 680 389 636 442 371 438 647 988 1706 1707 1709
634 679 680 389 636 442 371 438 647 988 1567 1569 1571
634 679 680 389 636 442 371 438 647 988 1552 1554 1556
664 452 507 250 443 438 647 864 996 1000 522
622 621 620 360 394 568 227 443 438 647 988 1706 1707 1709
622 621 620 360 394 568 227 443 438 647 988 1567 1569 1571
622 621 620 360 394 568 227 443 438 647 988 1552 1554 1556
702 353 573 95 571 648 647 412 411 413 645 1753
702 353 573 95 571 648 647 412 411 413 641 1763
309 800 567 566 307 81 306 473 906 657 644 1796
465 143 179 613 454 693 696 647 412 411 413 643 1805
465 143 179 613 454 693 696 647 412 411 413 644 1796
465 143 179 613 454 693 696 647 412 411 413 642 975
465 143 179 613 454 693 696 647 412 411 413 641 1763
465 143 179 613 454 693 696 647 412 411 413 645 1753
33 498 697 352 455 648 647 412 411 413 643 1805
33 498 697 352 455 648 647 412 411 413 644 1796
33 498 697 352 455 648 647 412 411 413 642 975
33 498 697 352 455 648 647 412 411 413 641 1763
33 498 697 352 455 648 647 412 411 413 645 1753
56 679 680 389 636 442 371 438 647 412 411 413 643 1805
56 679 680 389 636 442 371 438 647 412 411 413 644 1796
56 679 680 389 636 442 371 438 647 412 411 413 642 975
56 679 680 389 636 442 371 438 647 412 411 413 641 1763
56 679 680 389 636 442 371 438 647 412 411 413 645 1753
324 261 491 488 555 432 708 648 647 412 411 419 418 1823
324 261 491 488 555 432 708 648 647 412 411 89 287 310
595 421 420 395 446 444 443 438 647 412 411 413 643 1805
595 421 420 395 446 444 443 438 647 412 411 413 644 1796
595 421 420 395 446 444 443 438 647 412 411 413 642 975
595 421 420 395 446 444 443 438 647 412 411 413 641 1763
595 421 420 395 446 444 443 438 647 412 411 413 645 1753
465 143 179 613 454 693 696 647 656 415 414 592
496 495 312 363 370 1050 1053 76 1092 1093 75 1166 1167
405 621 452 507 250 443 438 647 412 411 89 287 310
594 661 269 507 250 443 438 647 412 411 89 287 310
493 311 312 363 392 396 406 1053 76 1092 1093 75 1166 1167
309 800 567 566 307 81 306 473 956 1803 643 1805
309 800 567 566 307 81 306 473 956 973 642 975
518 82 513 445 444 443 438 647 412 411 419 418 1823
518 82 513 445 444 443 438 647 412 411 89 287 310
517 516 513 445 444 443 438 647 656 77 1811 1813
497 495 312 363 371 438 647 656 423 422 593
496 495 312 363 370 1050 1053 76 1092 1093 75 1153 1154
594 421 420 395 446 444 443 438 647 412 411 419 418 1823
594 421 420 395 446 444 443 438 647 412 411 89 287 310
496 495 312 347 440 439 438 647 656 423 422 593
622 621 452 507 250 443 438 647 656 423 422 593
622 621 452 507 250 443 438 647 656 415 414 592
33 498 697 352 455 648 647 656 423 422 593
69 498 697 352 455 648 647 412 411 89 287 310
622 621 452 507 250 443 438 647 988 458 949 952
493 311 312 363 392 396 406 1053 76 1092 1093 75 1153 1154
664 452 507 250 443 438 647 412 411 1619 1623 1625
405 621 620 362 395 446 444 443 438 647 864 417 416 1831
405 621 620 362 395 446 444 443 438 647 864 996 1000 522
405 621 620 362 395 446 444 443 438 647 864 428 456 994
405 621 620 362 395 446 444 443 438 647 864 1540 1542 1544
545 570 569 508 250 443 438 647 656 423 422 593
739 565 740 12 308 306 473 906 657 644 1796
52 570 569 508 250 443 438 647 412 411 89 287 310
54 261 491 488 555 432 455 648 647 864 417 416 1831
54 261 491 488 555 432 455 648 647 864 996 1000 522
54 261 491 488 555 432 455 648 647 864 428 456 994
54 261 491 488 555 432 455 648 647 864 1540 1542 1544
181 180 464 463 460 708 648 647 412 411 419 418 1823
545 570 569 568 227 443 438 647 656 77 1811 1813
53 272 447 363 392 396 406 1053 76 1092 1093 1437 1439
538 537 536 692 14 693 696 647 864 417 416 1831
538 537 536 692 14 693 696 647 864 996 1000 522
538 537 536 692 14 693 696 647 864 428 456 994
538 537 536 692 14 693 696 647 864 1540 1542 1544
181 180 464 463 460 708 648 647 412 411 955 960 961
698 700 402 352 455 648 647 864 1540 1542 1544
694 51 562 560 366 555 432 708 648 647 412 411 419 418 1823
694 51 562 560 366 555 432 708 648 647 412 411 89 287 310
448 272 447 363 392 396 406 1053 76 1092 1093 75 1166 1167
698 700 402 352 455 648 647 988 1567 1569 1571
698 700 402 352 455 648 647 988 1552 1554 1556
493 311 312 246 441 439 438 647 864 417 416 1831
493 311 312 246 441 439 438 647 864 996 1000 522
493 311 312 246 441 439 438 647 864 428 456 994
493 311 312 246 441 439 438 647 864 1540 1542 1544
493 311 312 347 440 439 438 647 656 77 1811 1813
249 51 562 560 366 555 432 708 648 647 412 411 419 418 1823
249 51 562 560 366 555 432 708 648 647 412 411 89 287 310
497 495 312 363 371 438 647 656 415 414 592
594 421 420 394 568 227 443 438 647 656 77 1811 1813
515 514 513 445 444 443 438 647 412 411 419 418 1823
515 514 513 445 444 443 438 647 412 411 89 287 310
674 675 397 442 371 438 647 412 411 413 643 1805
674 675 397 442 371 438 647 412 411 413 644 1796
674 675 397 442 371 438 647 412 411 413 642 975
674 675 397 442 371 438 647 412 411 413 641 1763
674 675 397 442 371 438 647 412 411 413 645 1753
739 565 740 12 308 306 473 956 1803 643 1805
739 565 740 12 308 306 473 956 973 642 975
705 462 19 460 708 648 647 412 411 413 644 1796
705 462 19 460 708 648 647 412 411 413 643 1805
705 462 19 460 708 648 647 412 411 413 642 975
496 495 312 347 440 439 438 647 656 415 414 592
33 498 697 352 455 648 647 656 415 414 592
595 421 420 394 568 227 443 438 647 412 411 419 418 1823
595 421 420 394 568 227 443 438 647 412 411 89 287 310
181 180 179 613 454 693 696 647 656 77 1811 1813
545 570 569 508 250 443 438 647 656 415 414 592
448 272 447 363 392 396 406 1053 76 1092 1093 75 1153 1154
465 143 179 613 454 693 696 647 864 424 1845 459
497 495 312 246 441 439 438 647 656 423 422 593
705 462 19 460 708 648 647 412 411 413 645 1753
705 462 19 460 708 648 647 412 411 413 641 1763
372 516 513 445 398 639 1050 1053 76 1092 1093 1437 1439
497 495 312 246 441 439 438 647 412 411 413 643 1805
497 495 312 246 441 439 438 647 412 411 413 644 1796
497 495 312 246 441 439 438 647 412 411 413 642 975
497 495 312 246 441 439 438 647 412 411 413 641 1763
497 495 312 246 441 439 438 647 412 411 413 645 1753
674 675 397 442 371 438 647 656 423 422 593
676 617 677 635 636 442 370 1050 1053 76 1092 1093 1437 1439
698 700 402 352 455 648 647 864 428 456 994
185 184 700 402 352 455 648 647 988 1706 1707 1709
33 498 697 352 455 648 647 864 424 1845 459
56 679 680 389 636 442 371 438 647 864 424 1845 459
595 421 420 395 446 444 443 438 647 864 424 1845 459
594 421 420 394 568 227 443 438 647 988 1706 1707 1709
594 421 420 394 568 227 443 438 647 988 1567 1569 1571
594 421 420 394 568 227 443 438 647 988 1552 1554 1556
674 685 331 690 440 439 438 647 864 424 1845 459
673 675 397 442 371 438 647 988 1706 1707 1709
673 675 397 442 371 438 647 988 1567 1569 1571
673 675 397 442 371 438 647 988 1552 1554 1556
49 257 500 499 433 571 648 647 412 411 413 644 1796
49 257 500 499 433 571 648 647 412 411 413 643 1805
49 257 500 499 433 571 648 647 412 411 413 642 975
405 621 620 360 394 568 227 443 438 647 988 1706 1707 1709
405 621 620 360 394 568 227 443 438 647 988 1567 1569 1571
405 621 620 360 394 568 227 443 438 647 988 1552 1554 1556
497 495 312 347 440 439 438 647 412 411 419 418 1823
497 495 312 347 440 439 438 647 412 411 89 287 310
375 514 513 445 444 443 438 647 988 1706 1707 1709
375 514 513 445 444 443 438 647 988 1567 1569 1571
375 514 513 445 444 443 438 647 988 1552 1554 1556
497 495 312 246 441 439 438 647 656 415 414 592
558 557 118 366 555 432 708 648 647 656 77 1811 1813
49 257 500 499 433 571 648 647 412 411 413 645 1753
49 257 500 499 433 571 648 647 412 411 413 641 1763
69 498 697 352 455 648 647 988 1567 1569 1571
69 498 697 352 455 648 647 988 1552 1554 1556
405 621 452 507 250 443 438 647 864 1540 1542 1544
594 661 269 507 250 443 438 647 864 1540 1542 1544
698 700 402 352 455 648 647 656 77 1811 1813
674 675 397 442 371 438 647 656 415 414 592
