2.79537029249943
2.8088179860737
2.81194144971245
2.77650729466482
2.75383951030143
2.77592276416748
2.76741008943888
2.74828327673643
2.70986093323678
2.72993838361389
2.7321389852278
2.78425917044836
2.67147360734887
2.82234560333586
2.8612962841853
2.66367713111993
2.74028663446898
2.76013916542458
2.95339756322554
2.95671669784782
2.71126837452872
2.74717812028494
2.61780944511826
2.76013916542458
2.70258437033582
2.94195411206892
2.73073681143401
2.77340521598421
2.65789252487902
2.63875460429094
2.69996768024666
2.62147980115089
2.71421702863882
2.62385216953945
2.78597558764728
2.90389440971079
2.83364621920235
2.75882223685392
2.67211138341128
2.96310858308906
2.73587872874123
2.76804221473715
2.75227409997681
2.77182730378707
2.88479229502006
2.65316093980619
2.8342735748239
2.75602102763575
2.7550341396078
2.92764754970661
2.82629245650628
2.90791073763142
2.67366580542252
2.87042407174291
2.72929664859394
2.75272408185992
2.60647942187077
2.64636067421108
2.8481848784645
2.87178278770853
2.64800769032034
2.6539864999323
2.89611925018576
2.62813463601202
2.77154955081253
2.86050983714592
2.74362874651185
2.72546985294808
2.69056695141012
2.5349293848747
2.92166131899032
2.8767918437059
2.69348873981046
2.75653341231625
2.47757797572382
2.7771388208669
2.72753541689997
2.89461040735162
2.70158677105548
2.70614981095112
2.75760410147688
2.63312062079179
2.60245056547275
2.65813334024337
2.92958739752376
2.71324498476775
2.65694527000877
2.76902449318549
2.94328505369535
2.64272568458828
2.80712392763116
2.65283241971463
2.76902847623172
2.73325873876896
2.67558535730178
2.59196380319624
2.60945225742061
2.71916346269578
2.82140053920945
2.86192528621553
2.84948375475444
2.76643270510645
2.98884165305587
2.70997907105733
2.87177587475088
2.73504815391844
2.58409304089927
2.67579064178846
2.85737269213715
2.58709475754406
2.88117135633761
2.76371677295512
2.99181403632242
2.86707582039296
2.61478828345638
2.83329239476282
2.66449700235822
2.7639358521548
2.80198639442175
2.63809312344251
2.75501972777853
2.69206882133337
2.73897503421763
2.63974529792922
2.81836935192607
2.67650480565938
2.59555902793315
2.58015741377596
2.89180394813132
2.85720410112788
2.55787815390476
2.84443833623051
2.53703517540919
3.05875492749573
2.85954460197112
2.79908943294007
2.58116810912143
2.72605310764139
2.76267190316536
2.7537063335005
2.50872732879596
2.77000096465154
2.67856543918414
2.84185352403254
2.82742995593594
2.47929695329665
2.76999140868705
2.72272548070211
2.68556843281159
3.00083150188784
2.62147980115089
2.73373588890977
2.6443798235405
2.94222270233534
2.65591543723896
2.85406593605169
2.88840373050871
2.7202779630954
2.56929941764671
2.70211027029818
2.77669756201551
2.65953803579431
2.94714329401084
2.71522661509524
2.91254413894229
2.65460247646746
2.82502223279219
2.54816531807526
2.80144467502845
2.7609458390811
2.56589327197933
2.84344350251628
2.74717812028494
2.73339835204522
2.81835995996001
2.78726853616972
2.91162456387292
2.79898264965999
2.94328505369535
2.96481098167045
2.71055336256855
2.82917091929818
2.74542138431666
2.71147016770075
2.65973731269474
2.6684289713291
2.68914710402188
2.74878996038002
2.80390581216783
2.89346705862182
2.76644227336357
2.91161698791345
2.76741163704553
2.76943459352355
2.67011250926996
2.92796473440705
2.92334068308714
2.82309697314804
2.69238937242846
2.67902962385469
2.71751132261641
2.90528935541003
2.74717812028494
2.81832043509315
2.72412682678705
2.97663715167773
2.66927056072254
2.70986093323678
2.87275619643445
2.69482685753728
2.5072414579821
2.90470062558914
2.98851284598889
2.82629323697462
2.81211676919001
2.75574090445684
2.84121153836927
2.76254981738717
2.88117365314431
2.87786331254962
2.76967763620701
2.75415753718781
2.87852980801691
2.74948521605688
2.64210856012111
2.60643382377422
2.68691413803448
2.80937590691259
2.76418284724551
2.7478537151742
2.90809847579507
2.69089240786542
2.81735444721476
2.85010762427574
2.79709730055782
1.03364726674769
2.79977298584908
2.67814147229963
2.67558535730178
2.81921668178913
2.95823151922267
2.72027717588465
2.77000096465154
2.93256269001454
2.86380805142883
2.732062856624
2.65383917085549
2.87365558631561
2.60542799801706
2.80711685544111
2.74542138431666
2.77799214605603
2.82534949331063
2.83740788358657
2.92585718499654
2.7038997543315
2.62717828187337
2.70643031951755
2.89726112074223
2.91162456387292
2.77263038951379
2.61446731849585
2.60945225742061
2.51906690669217
2.80038154237683
2.74817559798148
2.83464285960233
2.80892086519664
2.6198161076414
2.67088431423934
2.75271686990757
2.78266232677676
2.78200918588591
2.77814380322747
2.75351559138236
2.59370541205473
2.91243697112964
2.5911777635593
2.65447622704315
2.79548079307044
2.85658130393063
2.81339975939982
2.67676602810716
2.83742187695006
2.64392102926761
2.76186646478968
2.79266415101269
2.68523147702831
2.67346940113354
2.74981332529559
2.73698751595361
2.84381931385871
2.79394423137251
2.523093887447
1.13643178212443
2.57680592680347
2.73697623285024
2.76500945696711
2.834282914057
2.71191815843091
2.53849982416075
2.74026570532497
2.59665212792908
2.70517868649324
1.04708618915629
2.83516927701174
2.80811660776332
2.55295619644256
2.77615850353382
2.87993234502212
2.59741724934305
2.71688420400168
2.86940813431683
2.71910688846216
2.850116911624
2.83046059662055
2.6684289713291
2.88651101700744
2.78103839178479
2.86056656093339
2.68826672928325
2.79414515309399
2.85941048919616
2.66023000602809
2.99124958821405
2.78284028350094
2.73339835204522
2.8217015245005
2.69401381265847
2.59453603359454
1.18913963830541
2.45074162096802
2.91197265794996
2.81735209838036
2.89874871300643
2.69756010942353
2.71605512992752
2.66470752146428
1.14349454294839
2.86412647564654
1.07511565288256
2.75208695317071
2.96176644090236
1.09940142503998
2.81000318612574
2.71719148991262
2.45864272520918
1.19056248540876
1.09999461711273
2.79530595753213
2.78620030097983
1.10808988962525
2.86192682771734
1.12599875605579
2.73863596110166
2.8173638425328
2.77589191493545
2.76939051120659
2.75792014132142
2.52637589868174
2.82629323697462
2.77455461261576
2.751258557279
1.17696052985405
2.84545030150519
2.71710325813468
2.82299734902676
1.00286402782309
2.68344974277331
2.68211153784025
2.90809847579507
2.6503635851561
0.996317574454597
2.75216465002614
2.67410092699257
2.88148523628047
1.30251578836642
2.75685942888148
1.10998238813779
2.84480632893263
1.11645591445326
2.73639772321591
1.06700437094754
2.84122784209765
1.13527181683143
2.89635279380714
2.70663168221167
2.68417938096832
1.06868377484445
1.07589639856969
2.77410499121469
2.78211581549473
1.17906757418987
2.97018835446618
2.73629071806187
2.8263420158185
2.74452953485742
1.11645591445326
2.80779845409088
2.75782661032753
1.09376607010981
2.85582207056851
2.46900434301834
2.75938533203842
1.12044768608739
2.68524462048634
1.16920682152704
1.10237589273574
2.74939261778713
2.46941572385201
1.20173303297685
2.76024627784046
2.81931073773517
2.97375530163503
1.00199030292233
2.63818667606116
2.68826672928325
2.68069807490969
2.67881759773962
2.7193205464871
2.69301333940096
2.96764985891487
1.24238834756474
1.15728342971574
2.65953239946283
2.74316885633578
2.85816463298396
1.1577542595226
2.84073218127176
1.18679913071461
1.1498407933052
2.50042177163204
2.82648717667748
1.15223914518433
3.03723463927209
1.07171674172152
2.76902847623172
1.14798518130652
2.75663898563552
2.90131346176535
2.75216960579034
1.1891470582085
2.82695628967311
2.73313539647758
2.72733481238225
2.85796126560939
2.43970806202586
1.03707793559291
1.06774480920214
1.02572585563577
2.56764952204432
1.23146016092551
1.1690211001611
2.80040454337093
1.14987244614698
1.14403357900747
2.59959452461734
2.50488252590177
2.64768661876853
2.49658971551017
2.61991318506957
2.88124519403009
1.07960058239301
2.87960757157703
2.66351390714902
1.15460863483649
2.63498275181676
2.66127948600975
1.14979091433162
1.07101289008534
2.82616783609583
2.66234643131091
1.12405533451715
1.12016411140571
1.06415784773108
2.84769068578391
2.52019899629433
2.77486147415842
1.21227710700022
1.17917840256651
1.20931485485275
2.77129151332709
2.74223958618916
2.78478953197683
1.29356102076461
1.0653886789896
2.75472066530713
2.95323800095207
1.24853609308024
2.59661475006475
1.02570865142404
1.16768522734516
1.01326460401719
1.28543272279945
1.27305277510286
2.62728501860904
1.25606239245108
1.16768522734516
2.79329360374431
1.0345987859119
2.84912105813911
1.16933793326278
2.81901262711762
2.75337868817621
2.79429909119938
1.36987624439697
2.72082600347081
1.16555841889605
1.22750323932503
1.02601169460468
1.32353129628826
2.7839735493143
2.57206272076306
2.6798255066741
1.2277790489368
1.20903300866792
1.27500969777359
1.14872471341762
2.89927875920183
2.79586917022304
2.76523755703825
2.73572475679942
2.45074162096802
1.18296973055333
1.15222382998336
1.07964668536407
1.13563180202567
1.09940744420462
2.82329816408561
2.9186031203357
2.79232211783541
2.95000515539047
1.06210329260781
2.60682693241105
2.81876873719757
1.19881957213479
1.08449131621415
2.84222025244186
2.51745343451177
1.22557443376519
1.1424437047819
2.89336037870505
2.54366488110185
2.53746791413497
2.65518534960765
2.82450961797742
2.80940001515189
1.23509994113586
1.19410802949402
1.18116056273627
2.77005153108154
1.20420313869049
1.13165070795664
1.03923514002186
1.17200414120871
2.70130021034403
1.19745139131501
1.46020368683131
2.63477478565792
1.12821389372518
2.80137424947275
1.07599889773314
2.88426492683825
1.05922022033256
1.08172239619936
2.51190793354814
1.13006097998989
2.6463590558131
2.76316480422705
2.68048864953493
1.09376607010981
2.90097717497357
1.36776633060073
2.53131511866318
1.01745715529726
2.65953239946283
1.16180436667319
1.43447219370541
1.12844555571027
2.69660116956114
2.70320647647093
1.34374970713896
2.72808762041841
1.14008762818299
2.80690353964843
2.56732906291885
1.0837159018207
1.14247073568411
1.01745715529726
2.80539031503393
1.19104873683456
1.12255517256345
1.14350225903123
2.8883552360712
2.57168036918677
1.04552151504123
1.11341358699481
2.76597378858431
1.05922022033256
1.18298651234206
2.70400981486401
2.84599887409911
1.2279218706058
2.72445012878612
1.02394584067043
1.20709479101694
1.24378131621347
1.22200105090881
1.13495273607942
2.76254981738717
1.15527614719465
1.2596013147364
2.80062257377595
1.10753734324139
2.65688122788122
2.75196682515069
0.972676475601308
2.72723115197459
1.16768522734516
1.14332405078907
2.81922555126042
1.14980050660997
1.23472561593497
1.07599889773314
1.1249989499453
2.76185608200269
1.13007269168001
3.01866469185805
1.27284356364105
2.57140055899049
2.70663168221167
1.10395153891581
0.998496336497807
2.8466091717921
1.41319442135831
1.27107727064022
2.90887281503848
2.70643506694408
2.76813699802993
1.10563647616735
1.06193776119507
1.10753734324139
1.29040076100693
1.17389037231039
2.86004004619395
2.72744797169404
1.36469353838891
1.23843962541919
1.31624858867961
1.02139742675117
2.75358497309135
1.28656768491336
2.4458236697908
1.23483469843542
2.79840624299363
1.12522064835659
1.1504705754467
2.8066998539926
1.01950492464075
1.0792542056538
1.18303126261482
1.09361799804519
1.20979356917618
2.70776125095234
1.07715927154741
1.18415198260854
1.03449218476637
2.9764391361512
1.2355222471397
1.16768522734516
2.68084375816429
1.02355950350073
1.18830738784012
2.69125892173215
1.11341551029617
0.978608177291888
1.20856676929555
1.13019663296154
1.28158338167552
1.18348333190313
1.13007269168001
1.11698232637181
1.18679913071461
2.52241012594463
2.75859555349438
1.37031907535283
2.47778657455672
2.85736960421894
1.12357038333535
1.18930558559595
2.42791173902967
2.70721963979589
1.09213937516153
2.74145961845527
1.10885602952175
1.3930805558009
1.10998238813779
1.20854669232897
1.16623257810026
2.95215486773132
2.66937054664342
1.27784788852628
1.04708618915629
2.87210844596784
1.11610714099783
2.6955649676773
1.17455631672643
2.71074825922799
1.08569909614749
2.80935392212219
1.12414962828772
1.16199947005127
1.25719196610648
1.03195743048975
1.0919787944252
2.76675499146825
1.16197289344486
2.79266415101269
1.32304205103684
1.20245806911177
1.11815869593284
1.43447219370541
2.75358337093796
1.23339726555348
1.08952169114306
1.2437919571001
1.09043743219029
1.15067211071593
2.52885200653958
1.34799052539464
1.10237589273574
1.16921814110566
1.18607403969016
1.06244966180865
2.69254941193663
1.06193776119507
1.09361799804519
1.17915782521811
2.75336987566087
1.06699196699692
1.24608383353195
1.15917800742355
1.18827026164564
2.80670228372968
2.47118508611151
1.1992740951432
1.16768522734516
2.52313060596728
2.56270279263456
1.09376607010981
1.21842888909012
1.41869908296621
1.17162766021051
2.6771356154784
1.14092121866768
1.40914045483599
1.06273094637186
0.981844801555109
1.0960121123927
0.907621431646932
1.22787157052945
2.84933461553259
1.12368546675486
1.1099704644678
1.05550184171637
1.17698301976057
1.06193776119507
2.85165007014141
2.69195253270754
1.16926341832427
2.501963794883
2.97541120522209
2.77556370960736
2.83551892349482
1.04835443458407
2.6538711712965
1.32645549507773
1.17536546164679
1.25377347949377
2.55854941926142
1.17006396956931
1.38616876978675
2.84464251612777
1.14872471341762
1.33704530794023
1.18601080561862
1.17838685121766
1.25377347949377
0.95373788531598
1.27676103686296
1.06330262760116
1.22640117922269
1.19737230045801
1.25962933385693
2.66974444765014
2.83598777619426
2.81613083075488
1.15607970612114
2.77778767367441
2.82678589892159
1.07382845632794
1.03185370436099
1.10832177744959
1.16555841889605
1.17580171813052
1.26035936251701
1.30569149437355
1.12849833280145
1.12667844672855
2.84679242929903
1.0828606821263
1.11249641558319
2.43413401434063
2.81266378917795
1.38875188479314
1.13960673101829
1.14598124871348
1.11968159754672
1.16768522734516
2.95721165467216
1.09940142503998
2.79480578618522
1.35911541939633
2.87112074882505
2.7673050018674
2.82807487463987
1.18091865309397
1.28158166049716
1.14035363101252
1.06076662649013
1.29557419536434
1.18223482765084
1.0345362841732
1.22414272846748
1.03933750503406
1.07085811876026
1.09532288696896
1.15378110967391
2.78211581549473
1.14981201723835
1.17843551982782
1.1760852951604
1.07382845632794
1.24524712762373
1.10020368980474
1.14431215818655
1.16933793326278
2.84975197346274
1.02228896144316
2.67499042009168
1.13639490222489
1.12255517256345
1.3332148034121
1.1518466289112
1.13295495673954
1.11698232637181
1.06580265865214
1.26832479861719
1.20856676929555
1.25188371082249
1.15185045898437
1.11968159754672
2.67264161423946
1.24381855891842
2.66702392731606
1.13244376114144
1.1526449238623
1.29485209582915
1.19065604634789
1.09532288696896
1.01921171052321
1.13013417606194
1.24569963837928
1.054259763722
1.17121904144312
1.39885913905946
1.14677593265534
1.26973076355876
1.12255517256345
1.08569909614749
2.73059745987092
1.14247073568411
1.20004882879119
2.68893885729613
2.56052339330325
2.80540446810112
1.21866609371605
1.18930558559595
2.80230599510292
1.26397787694663
1.12848660477227
2.83790082811762
1.08291975471723
1.12211045549766
1.18348333190313
1.20707468956732
1.27734054135555
1.01229303168535
1.13563180202567
1.17915782521811
1.12260233181201
1.17503417384384
1.15425777912922
2.73470252816002
1.22091751150608
1.22825236271902
1.20561003776917
1.13095559883288
1.22017473171509
1.15425777912922
1.13095559883288
1.25159988694666
1.16385548150068
1.16768522734516
1.41807546014482
1.09607178861626
1.03703326829252
1.07874618973496
1.21166466448167
1.08291975471723
1.09532288696895
1.14446974514152
1.16197289344486
1.16917852210104
1.14981201723835
1.13019663296154
1.26004867060316
1.07152362658996
2.67578976304646
1.19783553105191
1.08788864969076
1.16623257810026
1.40811084515525
1.07133796174381
1.30913838399161
1.08247535501952
1.13008635516508
1.25827582354519
1.10234787865997
2.76087832776353
2.76125341413212
1.27453297953784
1.13286332174756
1.20709479101694
1.04620816986498
1.15383463964208
1.25316667797721
1.33802821620033
1.35333581696507
1.25248177049353
1.22091751150608
1.18724419149595
1.07874005528445
2.64739354413345
1.10020368980474
1.15223914518433
1.20605913069422
1.42345200262944
2.57926258850644
2.75765703810684
1.14350225903123
1.29771853589988
1.27948871840262
2.77713087803294
1.14677593265534
1.14431215818655
1.10232786816996
1.08771695746116
1.11158297185649
1.22379687971112
1.25505132205133
1.32645549507773
1.30812533736485
1.2617534699979
1.14287419242557
1.14981201723835
1.11490288666257
2.76708607878666
1.16415298769179
1.17972032020999
1.23658083115076
1.28831187296361
1.20938507814477
1.19674670081358
1.18343487088363
1.09166867547787
1.21717370850355
2.76450282878324
1.16813757055239
1.07125560054796
2.63925292752206
1.18709963822191
1.08965024487123
1.1715099850867
1.29485209582915
1.07345941630578
1.24606259081127
1.10836755214397
1.04342821259125
1.09043743219029
