0.334886429819446
0.320326150262079
1.1969853701788
1.1674301758534
0.320326150262078
0.364006988934181
0.305765870704711
0.465928945835753
0.407687827606283
0.320326150262078
0.393127548048916
0.635436677996154
1.1526525786907
0.59110388650805
-0.0591103886508088
1.28565095315501
1.137874981528
0.364006988934181
-0.0886655829762114
0.635436677996154
-0.101921956901578
1.1969853701788
0.334886429819446
0.364006988934181
1.1674301758534
0.650214275158855
-0.116482236458946
0.480489225393121
0.451368666278386
0.364006988934181
0.393127548048916
0.422248107163651
1.1969853701788
0.320326150262079
0.189283634245772
0.960543815575584
0.679769469484258
1.1230973843653
1.28565095315501
0.871878232599376
0.827545441111271
0.364006988934181
0.650214275158856
0.334886429819446
-0.0591103886508087
0.349446709376813
0.14777597162701
0.393127548048916
1.28565095315501
-0.0443327914881079
0.724102260972362
0.576326289345348
0.378567268491548
1.06398699571449
-0.145602795573681
0.664991872321557
0.436808386721018
0.422248107163651
0.842323038273972
0.635436677996153
0.0145602795573612
0.495049504950489
-0.0738879858135099
-0.131042516016313
0.0873616773441989
-0.0886655829762118
0.42224810716365
1.22654056450421
1.137874981528
0.407687827606284
1.005100510051
0.576326289345348
0.48048922539312
0.058241118229464
0.436808386721019
0.664991872321557
-0.174723354688416
0.620659080833452
0.48048922539312
0.378567268491548
0.247524752475241
0.451368666278386
-0.203843913803151
1.1822077730161
1.005100510051
0.436808386721018
0.320326150262079
0.664991872321557
0.0147775971626975
0.393127548048916
0.871878232599375
0.407687827606283
0.81276784394857
1.1822077730161
0.393127548048916
1.30042855031771
0.393127548048916
0.428550317718335
1.00487660706369
-3.65384290480596e-15
0.679769469484257
0.990099009900986
0.14777597162701
-0.131042516016314
0.103443180138906
0.502438303531842
1.25609575882961
0.465928945835753
0.797990246785868
1.24131816166691
0.694547066646959
1.24131816166691
0.162553568789711
0.546771095019946
1.41864932761932
0.81276784394857
-0.145602795573681
0.393127548048916
0.783212649623167
0.422248107163651
0.930988621250181
0.465928945835753
1.1969853701788
0.0145602795573611
1.03443180138909
0.620659080833453
1.1969853701788
0.509609784507856
0.0886655829762043
0.393127548048916
1.21176296734151
0.705070507050703
1.27087335599231
-0.162553568789719
1.01965420422639
0.605881483670751
0.0145602795573614
0.131042516016301
0.451368666278386
0.724102260972362
0.480489225393121
0.724102260972362
0.495049504950488
0.694547066646959
0.675067506750673
0.451368666278386
-0.0147775971627051
-0.116482236458946
0.407687827606283
0.605881483670751
0.422248107163651
0.24752475247524
0.480489225393121
0.945094509450943
0.0436808386720966
0.886655829762076
1.21176296734151
0.218404193360506
0.59697146185206
0.349446709376813
0.827545441111271
0.567850902737325
-3.68901828776438e-15
-0.0886655829762119
-0.0147775971627049
0.422248107163651
1.08010801080108
0.378567268491548
0.990099009900988
1.21176296734151
0.451368666278385
0.93098862125018
1.1969853701788
0.206886360277814
0.738879858135063
0.0873616773441989
0.664991872321557
1.06398699571449
0.0147775971626972
0.650214275158856
0.842323038273973
1.137874981528
0.524170064065223
0.174723354688403
-0.0582411182294759
-0.0291205591147411
0.524170064065223
0.162553568789711
0.458105512043738
0.960096009600958
1.22654056450421
0.0738879858135029
0.422248107163651
0.975097509750973
0.797990246785869
0.753657455297765
0.162553568789711
0.132998374464309
-0.0582411182294764
0.768435052460466
0.605881483670751
-0.300030003000302
1.1969853701788
0.753657455297765
0.576326289345349
1.00487660706369
0.827545441111271
0.407687827606284
0.26599674892862
0.495049504950488
1.35953893896852
0.70932466380966
0.783212649623167
0.753657455297765
0.236441554603218
-0.0873616773442115
0.0738879858135028
0.116482236458933
0.783212649623167
-0.330033003300332
0.783212649623168
0.378567268491549
-0.189283634245784
0.0295551943253993
0.553290623179957
0.014560279557362
0.797990246785868
1.1083197872026
0.561548692182647
0.561548692182647
0.0591103886508019
0.901433426924777
0.36943992906753
0.14777597162701
1.03510351035103
-0.0436808386721056
0.620659080833452
0.517215900694544
0.393127548048916
0.675067506750673
0.0443327914881004
0.0728013977868305
0.724102260972362
0.132998374464308
-0.232964472917886
1.137874981528
0.753657455297764
0.0147775971626975
-0.0728013977868431
0.605881483670751
0.524170064065222
0.768435052460466
1.1083197872026
0.162553568789711
0.975321412738285
0.694547066646959
0.029120559114729
0.18928363424577
0.945766218412882
0.664991872321557
0.0886655829762042
-0.0436808386721083
0.393127548048915
1.47775971627013
0.842323038273972
0.0886655829762042
0.855085508550853
0.650214275158855
0.59697146185206
-0.174723354688416
0.221663957440517
1.22654056450421
1.02010201020102
-0.147775971627017
0.780078007800778
-0.0291205591147408
0.70932466380966
0.116482236458933
-0.174723354688416
1.05010501050105
0.650214275158856
0.472883109206439
-6.47446892578433e-15
0.901433426924778
-6.04357048454367e-15
0.753657455297764
1.04920939855179
0.502438303531841
0.0886655829762043
0.206886360277816
0.783212649623167
0.270027002700269
0.783212649623167
0.694547066646959
1.01965420422639
-0.0291205591147411
-0.0443327914881076
1.00487660706369
0.738879858135062
0.679769469484257
0.0145602795573611
0.398995123392932
1.38909413329392
0.145602795573668
-0.131042516016311
0.660066006600658
0.502438303531842
1.38909413329392
0.103443180138906
1.04920939855179
0.669772859638898
0.206886360277815
-0.0436808386721089
0.690069006900688
0.738879858135063
0.206886360277815
-0.0291205591147411
0.195019501950193
1.07876459287719
0.422248107163651
1.1526525786907
0.768435052460466
1.06510651065106
-0.0291205591147417
0.0886655829762041
0.413772720555634
-0.206886360277823
0.0591103886508019
0.349446709376813
0.325107137579425
0.679769469484261
1.43342692478203
0.679769469484258
0.0738879858135031
0.870087008700868
0.280774346091322
-0.0591103886508092
0.561548692182647
0.251219151765923
0.177331165952413
1.35953893896852
1.1674301758534
0.0591103886508019
1.0787645928772
0.69454706664696
0.990099009900986
0.827545441111271
0.753657455297767
0.276645311589977
0.780078007800778
0.724102260972361
1.30042855031772
0.295551943254023
-0.203843913803148
0.930988621250181
0.81276784394857
0.975321412738284
0.679769469484257
0.131042516016301
1.38909413329392
0.753657455297765
0.990099009900986
0.101921956901566
0.561548692182651
-0.330033003300331
-0.0291205591147406
1.06398699571449
-0.203843913803147
-0.0873616773442112
0.53873034362259
0.0591103886508018
0.553290623179958
0.990099009900989
0.660066006600659
0.162553568789711
0.753657455297765
1.19698537017881
1.00487660706369
0.960543815575586
0.750075007500748
1.01965420422639
-0.0450045004500464
1.1674301758534
0.960543815575583
-0.145602795573678
1.02010201020102
-0.116482236458946
0.132998374464308
1.1083197872026
0.014560279557364
0.886655829762077
-0.165016501650166
-0.0873616773442087
0.990099009900988
0.0728013977868305
1.03443180138909
0.0738879858135031
1.01965420422639
0.620659080833452
0.59110388650805
1.1526525786907
-0.345034503450346
0.694547066646959
0.174723354688404
0.576326289345352
0.975321412738285
0.812767843948572
1.18220777301611
-0.203843913803151
0.738879858135063
-0.247524752475251
1.04920939855179
0.384217526230231
0.738879858135063
0.0291205591147316
0.546771095019946
1.1526525786907
-0.118220777301615
0.694547066646959
0.626092020966795
0.675067506750674
0.280774346091321
1.1674301758534
-0.189283634245781
-0.160163075131048
-0.105010501050106
0.945766218412882
-0.116482236458944
0.900090009000899
1.04920939855179
1.25609575882961
1.53687010492093
0.531993497857244
0.738879858135066
0.0295551943253989
0.945766218412884
0.81276784394857
1.30042855031772
-0.339884734742134
1.05010501050105
0.840084008400838
0.797990246785871
-0.058241118229477
0.0291205591147283
0.101921956901566
0.724102260972362
1.58120289640904
1.31520614748042
0.131042516016303
1.25609575882961
0.724102260972361
1.01965420422639
-0.174723354688413
-0.145602795573681
0.265996748928624
1.06398699571449
-0.116482236458946
0.797990246785869
0.684333139196265
1.46298211910743
0.531993497857244
-0.300030003000301
1.31520614748042
0.635436677996153
0.262085032032608
1.0935421900399
0.0582411182294631
-0.0738879858135105
0.66499187232156
0.101921956901568
0.990099009900989
0.738879858135063
-0.0582411182294733
-0.232964472917883
-0.0582411182294731
-0.345034503450346
0.65521258008153
0.132998374464309
0.546771095019949
0.90143342692478
0.753657455297767
0.192108763115114
0.605881483670751
0.827545441111272
0.857100635436676
-0.0291205591147386
-0.384217526230238
1.005100510051
0.116482236458935
0.0886655829762042
1.1083197872026
1.04920939855179
-0.145602795573678
-0.0873616773442093
0.131042516016303
0.265996748928621
0.990099009900988
1.04920939855179
0.517215900694543
-0.145602795573678
-0.221663957440524
1.21176296734151
1.1526525786907
0.694547066646959
0.443327914881036
1.19698537017881
1.11011101110111
-0.131042516016311
0.709324663809663
0.131042516016303
1.41864932761933
0.502438303531842
0.295551943254023
0.218404193360506
0.724102260972364
0.709324663809663
1.1230973843653
0.827545441111274
0.916211024087479
0.458105512043738
-0.203843913803151
0.525052505250523
1.43342692478203
0.605881483670754
0.44332791488104
0.116482236458936
0.930988621250183
1.137874981528
0.354662331904828
0.177331165952413
0.103443180138906
0.073887985813503
-0.0873616773442086
0.59110388650805
0.840084008400838
-0.160163075131046
-0.0582411182294737
1.03443180138909
1.38909413329392
0.664991872321559
0.886655829762079
0.206886360277815
0.59697146185206
0.218404193360506
0.192108763115114
0.210021002100208
-0.189283634245784
0.90143342692478
1.35953893896852
0.591103886508053
1.03443180138909
0.975321412738287
0.78321264962317
-0.232964472917882
0.945766218412884
0.203843913803138
0.0873616773442007
1.25609575882961
0.635436677996153
1.30042855031772
-0.265996748928628
0.145602795573671
0.525052505250523
-0.116482236458943
0.591103886508053
0.669772859638898
0.812767843948573
0.305765870704711
0.546771095019946
0.192108763115114
1.1526525786907
0.591103886508049
-0.0873616773442093
1.40387173045662
1.18220777301611
0.160163075131035
0.160163075131038
1.24131816166691
0.428550317718339
0.325107137579427
0.626092020966795
1.1230973843653
0.517215900694543
1.00487660706369
1.02010201020102
1.43342692478202
0.871878232599378
1.1822077730161
1.1822077730161
0.47288310920644
0.945766218412884
0.591103886508053
0.487660706369144
0.960543815575584
0.65521258008153
-0.203843913803148
-0.0728013977868411
0.59110388650805
0.116482236458936
0.871878232599378
0.555055505550553
-0.0295551943254061
1.32998374464312
0.160163075131036
1.04920939855179
0.960543815575585
-0.0738879858135071
0.857100635436676
1.0935421900399
-0.116482236458946
0.930988621250183
0.103443180138909
1.14011401140114
0.842323038273976
0.339884734742126
1.06510651065106
-0.18928363424578
0.225022502250224
1.04920939855179
-0.0582411182294734
0.975097509750973
0.812767843948572
-0.160163075131046
0.14560279557367
1.1230973843653
-0.0147775971627052
0.960543815575586
0.70932466380966
0.295551943254026
1.41864932761932
0.116482236458934
0.413772720555638
-0.0873616773442079
0.990099009900985
0.960543815575585
0.0291205591147304
0.206886360277815
0.53873034362259
0.990099009900988
-0.0291205591147388
1.22654056450421
0.842323038273975
0.295551943254027
0.384217526230235
0.225022502250224
1.1674301758534
1.21176296734151
0.413772720555637
0.189283634245772
0.857100635436677
0.768435052460466
0.56154869218265
1.41864932761932
1.00487660706369
-0.345034503450346
-0.0291205591147389
0.305765870704712
1.09510951095109
0.605881483670755
1.00487660706369
1.34476134180582
0.0728013977868335
0.945766218412884
-0.087361677344211
0.916211024087482
0.131042516016303
-0.0145602795573709
1.29012901290129
0.0591103886508051
1.04920939855179
0.145602795573668
-0.0291205591147384
0.960543815575585
0.553290623179957
0.218404193360508
0.0582411182294665
0.694547066646962
1.21176296734151
0.753657455297767
1.1230973843653
0.960543815575586
1.24131816166691
1.04920939855179
1.40387173045662
0.132998374464309
0.0291205591147298
0.797990246785868
0.679769469484258
0.160163075131038
-0.0728013977868415
1.44820452194473
0.339884734742128
1.32998374464312
0.59110388650805
0.827545441111274
1.1230973843653
0.960543815575586
0.0443327914881034
0.975321412738287
0.930988621250181
0.131042516016301
0.0728013977868326
-0.131042516016311
1.04920939855179
0.118220777301611
0.694547066646959
0.192108763115118
0.177331165952412
0.029120559114731
-0.0738879858135098
0.413772720555637
1.1822077730161
0.354662331904832
-0.218404193360515
0.724102260972365
1.005100510051
0.886655829762079
1.04920939855179
0.576326289345351
0.131042516016302
0.916211024087482
1.24131816166691
0.709324663809661
-0.0873616773442091
0.960543815575585
0.517215900694546
0.797990246785871
0.679769469484261
0.65521258008153
0.812767843948572
1.1822077730161
0.960543815575585
1.37431653613122
1.06398699571449
0.132998374464309
1.22654056450421
0.0728013977868335
0.576326289345352
0.0443327914881011
1.04920939855179
1.03443180138909
1.0787645928772
0.22166395744052
1.15511551155115
0.458105512043738
0.0582411182294654
1.04920939855179
1.52209250775823
0.640652300524162
1.1526525786907
0.0291205591147309
1.24131816166691
1.03443180138909
0.635436677996154
1.41864932761933
1.1230973843653
0.605881483670755
0.679769469484261
0.0145602795573639
0.334886429819448
0.738879858135066
1.005100510051
0.990099009900988
0.812767843948573
0.145602795573671
0.916211024087481
1.22654056450421
0.458105512043738
1.27087335599231
1.40387173045663
0.871878232599375
0.236441554603218
0.857100635436673
0.93098862125018
0.797990246785871
0.14777597162701
0.871878232599377
1.01965420422639
0.0291205591147303
1.43342692478203
0.679769469484261
-0.0291205591147394
0.720072007200718
0.827545441111274
1.24131816166691
0.635436677996157
0.398995123392936
-0.0291205591147397
-0.0873616773442077
0.975321412738286
1.1230973843653
0.679769469484261
1.0787645928772
0.842323038273975
1.1083197872026
0.690069006900688
0.975321412738285
1.19698537017881
0.69454706664696
1.06510651065106
1.0935421900399
1.28565095315501
0.310329540416728
-0.131042516016311
0.236441554603221
1.04920939855179
1.00487660706369
1.1674301758534
-0.247524752475251
0.413772720555634
0.487660706369144
0.738879858135066
0.93098862125018
-0.330033003300331
0.33988473474213
1.137874981528
0.857100635436676
1.0787645928772
1.04920939855179
0.650214275158855
1.0787645928772
0.690069006900689
0.174723354688405
-0.116482236458946
1.14011401140114
0.236441554603218
-0.0582411182294734
0.724102260972365
0.576326289345352
1.18220777301611
1.04920939855179
0.990099009900988
0.916211024087482
1.1674301758534
1.18220777301611
0.709324663809664
1.28565095315501
0.325107137579429
0.165016501650163
0.960543815575586
1.137874981528
1.41014101410141
1.0935421900399
0.694547066646962
0.901433426924781
0.871878232599378
1.21176296734151
-0.0443327914881072
0.975321412738287
0.591103886508049
0.458105512043741
0.591103886508053
0.724102260972364
0.709324663809664
0.945766218412884
1.24131816166691
0.291205591147345
0.0873616773442001
0.694547066646962
1.38909413329392
0.768435052460469
1.0787645928772
0.0145602795573615
0.960543815575585
0.251219151765919
0.753657455297767
0.945766218412884
0.635436677996157
0.738879858135066
1.28565095315501
1.0639869957145
0.265996748928624
0.709324663809663
1.01965420422639
0.709324663809664
0.768435052460468
0.975321412738287
1.38909413329392
0.591103886508053
-0.0291205591147387
0.118220777301607
1.1822077730161
0.295551943254027
-0.014560279557374
1.35953893896852
1.00487660706369
0.591103886508053
0.0728013977868331
0.724102260972362
0.44332791488104
1.04920939855179
0.195019501950194
1.22654056450421
-0.0873616773442083
1.1230973843653
0.664991872321559
0.103443180138909
0.043680838672099
0.930988621250183
0.576326289345352
1.1822077730161
0.118220777301611
0.0145602795573637
-0.105010501050106
1.1230973843653
0.945766218412884
1.04920939855179
0.797990246785871
1.06398699571449
-0.0145602795573714
0.797990246785871
0.393127548048916
1.34476134180582
1.04920939855179
1.35953893896852
0.280774346091326
0.901433426924781
1.137874981528
1.0935421900399
1.22654056450421
1.28565095315501
-0.0291205591147389
0.886655829762079
0.0738879858135065
0.960543815575585
1.21176296734151
0.177331165952416
-0.174723354688413
0.605881483670751
1.00487660706369
1.1674301758534
0.975321412738287
1.22654056450421
1.32998374464312
1.06398699571449
0.0873616773442016
1.1083197872026
0.620659080833455
0.886655829762079
0.0738879858135029
0.679769469484257
0.605881483670754
-0.0728013977868407
0.960543815575585
0.827545441111274
1.1526525786907
0.576326289345351
0.916211024087481
1.01965420422639
1.0787645928772
1.1230973843653
0.650214275158858
1.0787645928772
1.14011401140114
0.90143342692478
0.738879858135066
0.827545441111273
1.27087335599231
1.38909413329392
-0.0295551943254059
0.487660706369144
0.679769469484261
0.960543815575585
-0.07388798581351
0.975321412738287
0.871878232599378
0.591103886508053
0.407687827606284
0.694547066646962
0.174723354688405
0.591103886508053
0.871878232599377
1.27087335599231
0.517215900694546
1.27087335599231
0.960543815575585
0.384217526230235
0.885088508850884
0.20384391380314
0.334886429819447
-4.02318442586938e-15
0.472883109206442
0.147775971627013
1.38909413329392
0.354662331904832
0.709324663809663
-0.0591103886508056
-0.0886655829762111
0.650214275158858
0.147775971627013
0.561548692182647
0.101921956901568
1.21176296734151
0.753657455297768
0.635436677996157
0.218404193360508
0.738879858135065
1.04920939855179
-0.0582411182294732
0.797990246785871
