0.809762630895368
0.804965199754151
0.817698568128874
0.819301636765295
0.786417188337106
0.860348066060936
0.793802806470582
0.782895893635964
0.776775821847125
0.798782750628313
0.804047595729652
0.822336796294771
0.837753203141811
0.782894161362921
0.814899963867456
0.75847811586108
0.79412023360188
0.748193323082726
0.762600855840208
0.771288804665908
0.738799066554488
0.753262054949746
0.75847811586108
0.742533772604906
0.84477329639804
0.782419951831492
0.765408183794128
0.861765852856948
0.754088294584462
0.831703611690515
0.784068917257328
0.764536232586353
0.832007122373168
0.770214883507682
0.737674171002187
0.816142757142477
0.774600561399312
0.793424859973098
0.801748145285768
0.791093390468699
0.782687704707969
0.802811699575243
0.817722616643692
0.816342414190976
0.775582442210006
0.779496437574329
0.809533151202506
0.834030504756646
0.779496437574329
0.769825356583887
0.814305336376419
0.803816484466389
0.817018282659406
0.789928508920291
0.789021778400844
0.819301636765295
0.811043674624516
0.771409534563179
0.778905832969946
0.803502325273095
0.781505666556802
0.727443565687674
0.80862240796008
0.852404285056112
0.799908459833414
0.810673766080533
0.795744953738941
0.706346105718259
0.811612564023503
0.843239830398398
0.779586613324897
0.817018282659406
0.782894161362921
0.793424859973098
0.837753203141811
0.847603134743403
0.776981522109887
0.803816484466389
0.811043674624516
0.804535185617938
0.86229918275586
0.832230405103304
0.851943031095838
0.805337730366883
0.811811664658699
0.733002855699606
0.811354356618469
0.800601589966848
0.855861444188513
0.777219449671921
0.806340488830928
0.759236758732778
0.826445926533445
0.826140372759431
0.838439579707413
0.806369361013366
0.821971969961936
0.841514765639981
0.826140372759431
0.730637282530414
0.845016477505934
0.858979515866836
0.823455833532422
0.831121006496033
0.833335614438347
0.832701492659324
0.842719919125541
0.847603134743403
0.826140372759431
0.806364876081973
0.864331412639144
0.766973488617889
0.776773493951147
0.866970465519793
0.816142757142476
0.824211709684329
0.842719919125541
0.779586613324897
0.85359406422659
0.872402630407642
0.837753203141811
0.847603134743403
0.843239830398399
0.868482591518039
0.849152944094838
0.782895893635964
0.79412023360188
0.7929885878784
0.894637872409649
0.715587751607993
0.753262054949746
0.739267318809463
0.776503701747802
0.746219195577454
0.764536232586353
0.727443565687674
0.770813906665622
0.881134845322021
0.721874339920269
0.712584175912276
0.734539670152153
0.755461956293796
0.75530845306241
0.73000715001085
0.771288804665908
0.750656843327919
0.717903109222629
0.757990420614878
0.759359404776862
0.805337730366883
0.756529631364339
0.758967284612671
0.766973488617889
0.72899334021269
0.783155402582958
0.778401027546436
0.767664850884467
0.740791137381643
0.78902636191273
0.775582442210006
0.770061972918953
0.757990420614878
0.746990288704709
0.794118525813371
0.775582442210006
0.819301636765295
0.767422193879901
0.851943031095838
0.759964605132523
0.75188196916003
0.792493893860844
0.7929885878784
0.822643213304334
0.776503701747802
0.731396062587029
0.816564444151758
0.752652065778904
0.75555500057346
0.787822561700092
0.784302965620622
0.737674171002187
0.770540267770725
0.780204225304916
0.82903708721295
0.790658118927843
0.738016352491188
0.764048854255586
0.765286507137693
0.753138415973517
0.821550857515927
0.825328204788248
0.776027334783888
0.798058869071668
0.767664850884467
0.781505666556802
0.799215859839683
0.79412023360188
0.786096075636691
0.819863141971119
0.736297101218604
0.766973488617889
0.770214883507682
0.780769240822672
0.755461956293795
0.850456247817894
0.828677938323323
0.794587460439732
0.812063603158429
0.820539416059422
0.818597556913536
0.745260500553103
0.739046839847588
0.746990288704709
0.814899963867456
0.740791137381643
0.763598166755609
0.761541692623066
0.747114945126357
0.771288804665908
0.756681094580853
0.742533772604906
0.760420418648449
0.760420418648449
0.759236758732778
0.856186223148088
0.773557828475101
0.781505666556802
0.773407916855908
0.84301946363746
0.789928508920291
0.786417188337106
0.819301636765295
0.788762480149827
0.764536232586353
0.782422262927889
0.800370048467593
0.78913979534861
0.822897878519999
0.776179070171765
0.81317037136204
0.771288804665908
0.801748145285768
0.792636203481354
0.766973488617889
0.806111156528659
0.800370048467593
0.797046825963779
0.767573274547231
0.810898463130567
0.792259412255856
0.815437612935866
0.782894161362921
0.842144935169053
0.858415422985139
0.731741179891116
0.723662529685632
0.799904503822773
0.75847811586108
0.7382680624564
0.754852547091672
0.784302965620622
0.783155402582958
0.810472712582088
0.731741179891116
0.749426698680802
0.778165204062173
0.814219005775964
0.804187860801967
0.747114945126357
0.773648696424564
0.732780491888772
0.781271358820652
0.781505666556802
0.810472712582088
0.719829920296397
0.818398450031391
0.775346344492262
0.779496437574329
0.767573274547231
0.7514227810498
0.767664850884467
0.762844453887519
0.820986652176261
0.823234563950187
0.813653605541287
0.787384333763599
0.826140372759431
0.770542027816837
0.774600561399312
0.78327430342562
0.794732808120112
0.885830045439332
0.832230405103304
0.804969130894066
0.83378140857709
0.848174418552524
0.794962010915491
0.814305336376419
0.810472712582088
0.794962010915491
0.791093390468699
0.7999061992583
0.829787879265972
0.81294463402427
0.774840386930661
0.730637282530414
0.806341049465671
0.788291800807258
0.773648696424564
0.850996134396833
0.826140372759431
0.810246781600053
0.790658118927843
0.797742442473331
0.81520973073916
0.885830045439332
0.831036422760558
0.835546516745118
0.831703611690515
0.784803974780047
0.879561467845347
0.841047539584329
0.80395903904597
0.792493893860844
0.79123995133144
0.742533772604906
0.782097775964529
0.80395903904597
0.785390144060278
0.808535470570614
0.762269710370014
0.760937152494698
0.736763875712133
0.878381901191228
0.820847054747576
0.809674699283407
0.780531236989324
0.780769240822673
0.802811699575243
0.801748145285768
0.801748145285768
0.888636478860282
0.703727485134612
0.747730056011072
0.804535185617938
0.797135016332395
0.814219005775965
0.819301636765295
0.795744953738941
0.871211295647057
0.815350293343683
0.777244750640955
0.802811699575243
0.825468687327818
0.820847054747576
0.867815288639582
0.798291647208386
0.852943998594566
0.82084485183655
0.833334529490249
0.861420349562003
0.884868323197599
0.832921332794394
0.837529233743176
0.846292766371532
0.785242491366397
0.835323579231946
0.817836491960723
0.811380264629519
0.816564444151758
0.850211964086992
0.830007401818226
0.822643213304334
0.853590886626059
0.823789547130583
0.810472712582088
0.792259412255856
0.738016352491188
0.86055979296683
0.80862240796008
0.889468347134235
0.811043674624516
0.85153620955865
0.827366281901815
0.797742442473331
0.778905832969946
0.692897727787234
0.805910647581262
0.807966093109346
0.763598166755609
0.782422262927889
0.802811699575243
0.841514765639981
0.835546516745118
0.799908459833414
0.797742442473331
0.812178271924746
0.810472712582088
0.871635644153724
0.824910997745967
0.888118965077336
0.753112305147448
0.811356585297103
0.779496437574329
0.771409534563179
0.75677518367808
0.840088362237236
0.825553841516726
0.784301236455356
0.837531392770226
0.779347088225811
0.794118525813371
0.862488155137478
0.767664850884467
0.841514765639981
0.867630602720639
0.764533867422581
0.847383369203582
0.825468687327818
0.77427454803803
0.846512815045827
0.771023542769118
0.765286507137693
0.757534935218549
0.777364555540665
0.686480789589545
0.851943031095838
0.817474081208564
0.831121006496033
0.846295971374427
0.759359404776862
0.754852547091672
0.780769240822673
0.800514346216502
0.794820117722362
0.776027334783888
0.770061972918953
0.863770814866252
0.842144935169053
0.859273392267826
0.746219195577454
0.868878356883939
0.788997428047478
0.765408183794128
0.827366281901815
0.838439579707413
0.7514227810498
0.780531236989324
0.752373623968982
0.812068056616598
0.832701492659324
0.780207701791934
0.859273392267825
0.744488223035853
0.819721698763085
0.825327657051241
0.807252126533526
0.837229884735968
0.891745900343532
0.795744953738941
0.872402630407642
0.782097775964529
0.841514765639981
0.835546516745118
0.774600561399312
0.814305336376419
0.801748145285768
0.752373623968982
0.725411725954638
0.79690076578826
0.720563379979991
0.763598166755609
0.737674171002187
0.836016817171854
0.865503229225472
0.859273392267826
0.856289176121182
0.844768480223725
0.733002855699606
0.778401027546436
0.776773493951147
0.834030504756646
0.740011752120468
0.802667251627455
0.764532093544951
0.793654440496398
0.847383369203582
0.767573274547231
0.754088294584462
0.821971969961936
0.7049389405045
0.831121006496033
0.793802806470582
0.780531236989324
0.759236758732778
0.850208242138098
0.807966093109347
0.789021778400844
0.849560374772083
0.87493700074159
0.739046839847588
0.746217378162932
0.789722173953604
0.83458101714003
0.792259412255856
0.85359406422659
0.74917813440568
0.830009035763433
0.78091368708547
0.776027334783888
0.767422193879901
0.877333440162513
0.794844858438919
0.75847811586108
0.772453997005254
0.801315840618365
0.815350293343683
0.782418218504715
0.787821414073706
0.774985938247571
0.800741894117422
0.799443777332468
0.773407916855909
0.779347668278639
0.815350293343683
0.807050220631822
0.772005288483273
0.862084736747669
0.810898463130567
0.785242491366397
0.828255323205431
0.855184293047503
0.885830045439332
0.896181250526343
0.859406747950743
0.856934593995055
0.794118525813371
0.873326317602181
0.889855287094736
0.884657815075694
0.869647255109178
0.84433062877243
0.846512815045826
0.843921744604261
0.900160205942456
0.860158623512992
0.865900878401487
0.856397923254318
0.88881985167537
0.764048854255586
0.768292046549835
0.734040997174808
0.735513568495808
0.760420418648449
0.733784140795405
0.770061972918953
0.742004222703359
0.747482741883847
0.724395229078564
0.7514227810498
0.75040687925625
0.786414888980897
0.789928508920291
0.786417188337106
0.819301636765295
0.818597556913536
0.778399285270384
0.788288933446008
0.781947189091271
0.75188196916003
0.791328788852833
0.732149116717204
0.797739042401405
0.758475135791325
0.84977372554616
0.738171614401565
0.791092819028184
0.797739042401405
0.801085069875722
0.736921855300399
0.779496437574329
0.749332893453432
0.788294094688749
0.78052892029372
0.731897772993099
0.805652857196584
0.78091368708547
0.779347668278639
0.731741179891116
0.769012498133491
0.882155472154649
0.823342735418587
0.854780600743729
0.753626851704575
0.799443777332469
0.811352685105477
0.75677518367808
0.733251354557288
0.829787879265972
0.833776528909926
0.82778334369289
0.725823220153383
0.834469426856653
0.833335614438347
0.874933900654719
0.843155390088569
0.809217859518326
0.829368555081254
0.774985938247571
0.800625587389474
0.790159105308137
0.792053113756689
0.868878877166797
0.853889794097283
0.815350293343683
0.838850058256355
0.801889940068075
0.7369218553004
0.764532093544951
0.748193323082726
0.782418218504715
0.757534935218549
0.766460824369672
0.795307680700894
0.848171220647757
0.759964605132523
0.75530845306241
0.784301236455356
0.868482591518038
0.749332893453433
0.79690076578826
0.725569685086348
0.766460824369672
0.774748491759709
0.822192479683939
0.83458101714003
0.767422193879901
0.744238616802671
0.759964605132523
0.76405003758908
0.762600855840208
0.757534935218549
0.800741894117422
0.781505666556802
0.763598166755609
0.740916836787506
0.778905832969946
0.733251354557289
0.741756827833349
0.739046839847587
0.7514227810498
0.738016352491188
0.745260500553102
0.745881383326418
0.771288804665908
0.772601168134378
0.726933806142995
0.79193724345781
0.830009035763433
0.786417188337106
0.773407332348287
0.78327430342562
0.799443777332469
0.756681094580854
0.777242424149451
0.793654440496398
0.767664850884467
0.765408183794128
0.74917813440568
0.796901333064023
0.778401027546436
0.748193323082726
0.831703611690515
0.792493893860844
0.737674171002187
0.725411725954638
0.808392045378434
0.776500790856992
0.794386319113152
0.754852547091672
0.76405003758908
0.839289153008092
0.764533867422581
0.784068917257328
0.774835719502173
0.767421604813247
0.770542027816837
0.75530845306241
0.859273392267825
0.744488223035852
0.757750034805409
0.800741894117422
0.794844858438919
0.797854070120359
0.805647807159747
0.769012498133491
0.764048854255586
0.76622132600262
0.788291800807258
0.764048854255586
0.842719919125541
0.797739042401405
0.755307854548216
0.770542027816837
0.75188196916003
0.815207512594561
0.781947189091271
0.801659334589359
0.78829008039176
0.782446817905531
0.80862240796008
0.803814234881855
0.807248766515684
0.879561467845347
0.746990288704709
0.753626851704575
0.75188196916003
0.752371821420975
0.809221211360173
0.786417188337106
0.795744953738941
0.818594243464369
0.785242491366397
0.75555500057346
0.784301236455356
0.756924208817238
0.756924208817239
0.799355276148217
0.786562896325433
0.785242491366397
0.884868323197599
0.85518323581824
0.852404285056113
0.725569685086348
0.826137089562795
0.777955749154216
0.809331255790565
0.770061972918952
0.756681094580853
0.765767194388777
0.828229943066318
0.84301946363746
0.741537089069971
0.844766874826185
0.74315328366047
0.766459054951753
0.731897772993099
0.833777613282875
0.822641564729
0.767422193879901
0.728234539713188
0.770060798823851
0.817016622734093
0.834469426856653
0.793419732106292
0.730637282530414
0.703727485134612
0.837887825807832
0.824910997745967
0.829787879265972
0.792636203481354
0.869012319433017
0.749177530994005
0.772962686317166
0.797135016332395
0.780203066472468
0.698200558223734
0.752371821420975
0.799442646388722
0.805650612739676
0.814782349187413
0.793565293665264
0.86165778319368
0.743153283660469
0.75530845306241
0.846977026244553
0.779347668278639
0.750069144948563
0.742997237461634
0.797737909040876
0.736763875712133
0.752371821420975
0.814305336376419
0.773648696424564
0.826445926533445
0.774985938247571
0.815437612935866
0.824211709684329
0.808190424256623
0.761633994177988
0.741537089069971
0.801519191034715
0.749332893453433
0.758476327820632
0.799443777332468
0.814899963867456
0.817836491960723
0.831121006496033
0.802238259757303
0.807252126533526
0.798782750628313
0.762751113464958
0.770540267770725
0.782097775964528
0.777955749154216
0.82667071133702
0.75188196916003
0.801519191034715
0.779347088225811
0.771288804665908
0.785242491366397
0.809674699283407
0.742997237461634
0.780678043549259
0.759721273761703
0.881734135697906
0.762600855840208
0.735763062618437
0.754088294584462
0.750409288945911
0.746219195577454
0.75530845306241
0.767573274547231
0.772005288483273
0.827563231178779
0.791092819028185
0.779347088225811
0.767422193879901
0.811354356618469
0.789021778400844
0.779496437574329
0.784803974780047
0.769613631940392
0.773407916855909
0.784803974780047
0.802811699575243
0.762386531906152
0.762844453887519
0.772962686317166
0.776506030452593
0.785479643193467
0.770214883507682
0.814305336376419
0.837668209758166
0.783861039877638
0.787822561700092
0.820847054747576
0.790160821654211
0.809901906194324
0.789722173953605
0.777244750640955
0.80395903904597
0.731741179891116
0.777364555540665
0.79321943448979
0.828228305611281
0.827782251467607
0.822193579334834
0.821773680664013
0.760420418648449
0.742996629030252
0.775582442210006
0.834224255017647
0.823234563950187
0.773407916855909
0.817722616643692
0.719026557198364
0.797135016332395
0.79412023360188
0.768773206666302
0.772453997005254
0.774748491759709
0.753138415973517
0.831700350455163
0.810898463130567
0.82778334369289
0.80862240796008
0.770542027816837
0.794118525813371
0.776027334783888
0.740791137381643
0.749332893453433
0.768292046549835
0.769613631940392
0.805910647581262
0.848472037410512
0.802811699575243
0.748193323082726
0.86475600062632
0.824434362004028
0.818820079554191
0.840635445242231
0.766008605206356
0.798202451930439
0.761541692623066
0.839977503600202
0.802667251627455
0.78327430342562
0.782446817905531
0.776027334783888
0.772452241315597
0.819863141971119
0.817722616643692
0.716713567421321
0.787384333763599
0.759359404776862
0.792053113756689
0.797854070120358
0.766008605206356
0.762751113464958
0.79412023360188
0.757989227821423
0.79321943448979
0.84433062877243
0.768621773711212
0.805650612739676
0.805191489840498
0.790159105308137
0.799442646388723
0.761541692623066
0.776530772509716
0.797135016332395
0.86229918275586
0.797135016332395
0.888428390087278
0.785242491366397
0.817016622734093
0.821210729380169
0.788291800807258
0.765767194388777
0.79412023360188
0.800741894117422
0.820847054747576
0.79690076578826
0.851943031095838
0.753626851704575
0.791093390468699
0.880817725868761
0.841514765639981
0.818398450031391
0.804187860801967
0.772216357387726
0.832921332794393
0.761541692623066
0.787822561700092
0.806821090065044
0.839291846131932
0.817018282659406
0.812516617411423
0.862700928841899
0.833335614438347
0.742997237461634
0.769825356583887
0.770540267770725
0.744392580903496
0.817722616643692
0.809217859518326
0.864968739097981
0.773407916855908
0.85733885391292
0.832921332794393
0.783155402582958
0.84370477079899
0.719026557198364
0.766459054951753
0.794146703854145
0.823789547130583
0.851319052377772
0.836651127791586
0.734539670152153
0.748193323082726
0.781505666556802
0.787384333763599
0.830896337511272
0.784302965620622
0.812063603158429
0.801315840618365
0.769012498133491
0.782418218504714
0.839291846131932
0.80862240796008
0.840088362237236
0.857797206440997
0.784068917257328
0.817836491960723
0.731741179891116
0.792259412255856
0.802666688426691
0.802666688426691
0.826584578399295
0.7999061992583
0.792259412255856
0.815437612935866
0.804047595729651
0.763598166755609
0.825468687327818
0.757534935218549
0.765286507137692
0.79597556889217
0.79123995133144
