0.274284185175275
0.287663901525288
0.327803050575328
0.254214610650255
0.220765319775221
0.287663901525288
0.294353759700295
0.354562483275355
0.361252341450362
0.280974043350281
0.274284185175275
0.294353759700295
0.274284185175275
0.314423334225315
0.267594327000268
0.234145036125234
0.234145036125234
0.207385603425208
0.220765319775221
0.200695745250201
0.280974043350281
0.240834894300241
0.234145036125234
0.254214610650254
0.367942199625368
0.234145036125234
0.240834894300241
0.240834894300241
0.247524752475248
0.267594327000268
0.247524752475248
0.301043617875301
0.220765319775221
0.294353759700295
0.267594327000268
0.227455177950228
0.220765319775221
0.287663901525288
0.207385603425208
0.180626170725181
0.307733476050308
0.214075461600214
0.200695745250201
0.287663901525288
0.227455177950228
0.214075461600214
0.220765319775221
0.307733476050308
0.214075461600214
0.287663901525288
0.260904468825261
0.220765319775221
0.234145036125234
0.247524752475248
0.200695745250201
0.254214610650255
0.294353759700295
0.240834894300241
0.254214610650255
0.267594327000268
0.227455177950228
0.234145036125234
0.260904468825261
0.254214610650255
0.301043617875301
0.287663901525288
0.247524752475248
0.274284185175275
0.307733476050308
0.274284185175275
0.260904468825261
0.234145036125234
0.314423334225315
0.287663901525288
0.274284185175275
0.260904468825261
0.314423334225315
0.220765319775221
0.294353759700295
0.280974043350281
0.173936312550174
0.274284185175275
0.207385603425208
0.294353759700295
0.314423334225315
0.287663901525288
0.234145036125234
0.341182766925342
0.307733476050308
0.327803050575328
0.327803050575328
0.200695745250201
0.220765319775221
0.267594327000268
0.227455177950228
0.334492908750335
0.287663901525288
0.254214610650254
0.267594327000268
0.214075461600214
0.307733476050308
0.267594327000268
0.240834894300241
0.260904468825261
0.194005887075194
0.280974043350281
0.267594327000268
0.260904468825261
0.267594327000268
0.200695745250201
0.267594327000268
0.254214610650255
0.307733476050308
0.327803050575328
0.227455177950228
0.247524752475248
0.267594327000268
0.260904468825261
0.267594327000268
0.240834894300241
0.274284185175274
0.260904468825261
0.274284185175274
0.254214610650254
0.280974043350281
0.354562483275355
0.234145036125234
0.280974043350281
0.254214610650254
0.240834894300241
0.240834894300241
0.287663901525288
0.234145036125234
0.234145036125234
0.301043617875301
0.234145036125234
0.307733476050308
0.280974043350281
0.200695745250201
0.220765319775221
0.200695745250201
0.214075461600214
0.180626170725181
0.254214610650255
0.200695745250201
0.274284185175275
0.214075461600214
0.194005887075194
0.240834894300241
0.294353759700295
0.220765319775221
0.314423334225315
0.254214610650254
0.173936312550174
0.200695745250201
0.207385603425208
0.260904468825261
0.200695745250201
0.334492908750335
0.227455177950228
0.194005887075194
0.194005887075194
0.200695745250201
0.167246454375167
0.227455177950228
0.254214610650255
0.180626170725181
0.207385603425208
0.173936312550174
0.194005887075194
0.274284185175275
0.280974043350281
0.234145036125234
0.234145036125234
0.267594327000268
0.140487021675141
0.307733476050308
0.260904468825261
0.194005887075194
0.207385603425208
0.267594327000268
0.167246454375167
0.133797163500134
0.240834894300241
0.254214610650254
0.220765319775221
0.140487021675141
0.200695745250201
0.200695745250201
0.280974043350281
0.180626170725181
0.194005887075194
0.220765319775221
0.260904468825261
0.227455177950228
0.287663901525288
0.234145036125234
0.267594327000268
0.214075461600214
0.254214610650255
0.254214610650255
0.294353759700295
0.274284185175275
0.214075461600214
0.307733476050308
0.314423334225315
0.314423334225315
0.200695745250201
0.267594327000268
0.247524752475248
0.227455177950228
0.227455177950228
0.200695745250201
0.267594327000268
0.200695745250201
0.227455177950228
0.214075461600214
0.240834894300241
0.200695745250201
0.187316028900187
0.254214610650255
0.207385603425208
0.207385603425208
0.200695745250201
0.347872625100348
0.214075461600214
0.227455177950228
0.180626170725181
0.220765319775221
0.247524752475248
0.220765319775221
0.254214610650255
0.314423334225315
0.301043617875301
0.301043617875301
0.314423334225315
0.240834894300241
0.307733476050308
0.294353759700295
0.207385603425208
0.200695745250201
0.207385603425208
0.160556596200161
0.254214610650255
0.314423334225315
0.314423334225315
0.214075461600214
0.214075461600214
0.194005887075194
0.220765319775221
0.274284185175275
0.314423334225315
0.260904468825261
0.260904468825261
0.220765319775221
0.254214610650254
0.167246454375167
0.234145036125234
0.274284185175275
0.254214610650255
0.207385603425208
0.200695745250201
0.227455177950228
0.220765319775221
0.260904468825261
0.247524752475248
0.214075461600214
0.160556596200161
0.240834894300241
0.260904468825261
0.227455177950228
0.280974043350281
0.227455177950228
0.227455177950228
0.280974043350281
0.173936312550174
0.280974043350281
0.214075461600214
0.214075461600214
0.227455177950228
0.260904468825261
0.274284185175275
0.187316028900188
0.321113192400322
0.254214610650254
0.227455177950228
0.267594327000268
0.234145036125234
0.220765319775221
0.240834894300241
0.321113192400322
0.187316028900188
0.274284185175275
0.381321915975382
0.301043617875302
0.267594327000268
0.240834894300241
0.260904468825261
0.227455177950228
0.240834894300241
0.180626170725181
0.234145036125234
0.247524752475248
0.247524752475248
0.274284185175275
0.214075461600214
0.341182766925342
0.234145036125234
0.260904468825261
0.240834894300241
0.267594327000268
0.280974043350281
0.254214610650255
0.267594327000268
0.220765319775221
0.187316028900188
0.214075461600214
0.207385603425208
0.267594327000268
0.254214610650255
0.214075461600214
0.207385603425208
0.187316028900188
0.274284185175275
0.214075461600214
0.254214610650255
0.294353759700295
0.187316028900187
0.214075461600214
0.214075461600214
0.267594327000268
0.254214610650254
0.153866738025154
0.247524752475248
0.220765319775221
0.187316028900187
0.220765319775221
0.274284185175275
0.214075461600214
0.207385603425208
0.207385603425208
0.173936312550174
0.207385603425208
0.173936312550174
0.280974043350281
0.260904468825261
0.214075461600214
0.254214610650254
0.247524752475248
0.194005887075194
0.187316028900188
0.200695745250201
0.214075461600214
0.214075461600214
0.220765319775221
0.0869681562750871
0.274284185175275
0.214075461600214
0.113727588975114
0.140487021675141
0.314423334225315
0.260904468825261
0.227455177950228
0.113727588975114
0.0869681562750871
0.180626170725181
0.086968156275087
0.240834894300241
0.120417447150121
0.140487021675141
0.301043617875301
0.127107305325127
0.234145036125234
0.133797163500134
0.147176879850147
0.227455177950228
0.220765319775221
0.220765319775221
0.194005887075194
0.260904468825261
0.254214610650255
0.294353759700295
0.173936312550174
0.227455177950228
0.267594327000268
0.254214610650255
0.220765319775221
0.307733476050308
0.254214610650255
0.227455177950228
0.301043617875302
0.214075461600214
0.254214610650254
0.207385603425208
0.301043617875301
0.267594327000268
0.240834894300241
0.227455177950228
0.234145036125234
0.254214610650255
0.240834894300241
0.327803050575328
0.301043617875301
0.214075461600214
0.240834894300241
0.274284185175275
0.240834894300241
0.260904468825261
0.127107305325127
0.220765319775221
0.153866738025154
0.167246454375167
0.247524752475248
0.260904468825261
0.254214610650255
0.173936312550174
0.234145036125235
0.180626170725181
0.214075461600214
0.267594327000268
0.207385603425208
0.314423334225315
0.200695745250201
0.227455177950228
0.240834894300241
0.274284185175275
0.207385603425208
0.354562483275355
0.260904468825261
0.247524752475248
0.240834894300241
0.254214610650255
0.274284185175275
0.321113192400322
0.327803050575328
0.194005887075194
0.194005887075194
0.260904468825261
0.260904468825261
0.220765319775221
0.234145036125234
0.153866738025154
0.341182766925342
0.240834894300241
0.227455177950228
0.227455177950228
0.227455177950228
0.220765319775221
0.234145036125234
0.334492908750335
0.280974043350281
0.267594327000268
0.220765319775221
0.274284185175275
0.180626170725181
0.153866738025154
0.247524752475248
0.267594327000268
0.227455177950228
0.247524752475248
0.240834894300241
0.294353759700295
0.254214610650254
0.207385603425208
0.220765319775221
0.260904468825261
0.207385603425208
0.234145036125234
0.220765319775221
0.153866738025154
0.194005887075194
0.227455177950228
0.267594327000268
0.254214610650255
0.227455177950228
0.220765319775221
0.200695745250201
0.234145036125234
0.287663901525288
0.207385603425208
0.307733476050308
0.307733476050308
0.167246454375167
0.180626170725181
0.167246454375167
0.194005887075194
0.180626170725181
0.214075461600214
0.247524752475248
0.287663901525288
0.214075461600214
0.260904468825261
0.294353759700295
0.220765319775221
0.200695745250201
0.167246454375167
0.254214610650255
0.200695745250201
0.287663901525288
0.267594327000268
0.227455177950228
0.167246454375167
0.173936312550174
0.240834894300241
0.220765319775221
0.267594327000268
0.180626170725181
0.207385603425208
0.160556596200161
0.194005887075194
0.180626170725181
0.314423334225315
0.200695745250201
0.234145036125234
0.207385603425208
0.173936312550174
0.187316028900187
0.167246454375167
0.140487021675141
0.160556596200161
0.240834894300241
0.194005887075194
0.180626170725181
0.180626170725181
0.187316028900188
0.173936312550174
0.173936312550174
0.147176879850147
0.194005887075194
0.180626170725181
0.120417447150121
0.194005887075194
0.187316028900188
0.187316028900188
0.187316028900188
0.173936312550174
0.167246454375167
0.207385603425208
0.180626170725181
0.180626170725181
0.133797163500134
0.194005887075194
0.207385603425208
0.227455177950228
0.180626170725181
0.227455177950228
0.140487021675141
0.240834894300241
0.247524752475248
0.140487021675141
0.133797163500134
0.307733476050308
0.247524752475248
0.207385603425208
0.12041744715012
0.194005887075194
0.207385603425208
0.147176879850147
0.260904468825261
0.227455177950228
0.113727588975114
0.113727588975114
0.247524752475248
0.220765319775221
0.254214610650255
0.247524752475248
0.127107305325127
0.1003478726251
0.194005887075194
0.194005887075194
0.260904468825261
0.160556596200161
0.133797163500134
0.1003478726251
0.140487021675141
0.187316028900187
0.153866738025154
0.133797163500134
0.147176879850147
0.214075461600214
0.214075461600214
0.214075461600214
0.301043617875301
0.113727588975114
0.187316028900187
0.301043617875301
0.160556596200161
0.180626170725181
0.220765319775221
0.160556596200161
0.301043617875301
0.200695745250201
0.227455177950228
0.147176879850147
0.194005887075194
0.167246454375167
0.274284185175275
0.194005887075194
0.247524752475248
0.1003478726251
0.194005887075194
0.160556596200161
0.200695745250201
0.194005887075194
0.133797163500134
0.187316028900187
0.133797163500134
0.147176879850147
0.160556596200161
0.200695745250201
0.127107305325127
0.0936580144500938
0.180626170725181
0.220765319775221
0.187316028900188
0.140487021675141
0.107037730800107
0.214075461600214
0.167246454375167
0.207385603425208
0.167246454375167
0.227455177950228
0.207385603425208
0.147176879850147
0.133797163500134
0.173936312550174
0.180626170725181
0.127107305325127
0.254214610650254
0.214075461600214
0.153866738025154
0.187316028900188
0.207385603425208
0.187316028900188
0.140487021675141
0.240834894300241
0.180626170725181
0.220765319775221
0.173936312550174
0.194005887075194
0.220765319775221
0.227455177950228
0.240834894300241
0.227455177950228
0.227455177950228
0.240834894300241
0.254214610650255
0.194005887075194
0.247524752475248
0.227455177950228
0.227455177950228
0.220765319775221
0.227455177950228
0.294353759700295
0.200695745250201
0.107037730800107
0.140487021675141
0.133797163500134
0.207385603425208
0.220765319775221
0.153866738025154
0.240834894300241
0.194005887075194
0.187316028900187
0.066898581750067
0.194005887075194
0.260904468825261
0.240834894300241
0.180626170725181
0.180626170725181
0.207385603425208
0.207385603425208
0.267594327000268
0.274284185175275
0.267594327000268
0.220765319775221
0.180626170725181
0.1003478726251
0.361252341450362
0.254214610650255
0.194005887075194
0.1003478726251
0.234145036125234
0.247524752475248
0.0602087235750603
0.153866738025154
0.234145036125235
0.180626170725181
0.220765319775221
0.274284185175275
0.287663901525288
0.240834894300241
0.200695745250201
0.0936580144500938
0.1003478726251
0.160556596200161
0.140487021675141
0.247524752475248
0.234145036125234
0.140487021675141
0.267594327000268
0.133797163500134
0.153866738025154
0.234145036125234
0.194005887075194
0.113727588975114
0.194005887075194
0.0535188654000536
0.167246454375167
0.120417447150121
0.260904468825261
0.113727588975114
0.0869681562750871
0.214075461600214
0.200695745250201
0.147176879850147
0.194005887075194
0.167246454375167
0.267594327000268
0.220765319775221
0.247524752475248
0.0869681562750871
0.180626170725181
0.260904468825261
0.127107305325127
0.160556596200161
0.160556596200161
0.0802782981000804
0.187316028900188
0.180626170725181
0.260904468825261
0.140487021675141
0.254214610650254
0.187316028900188
0.133797163500134
0.173936312550174
0.0936580144500937
0.194005887075194
0.187316028900188
0.147176879850147
0.234145036125234
0.220765319775221
0.173936312550174
0.167246454375167
0.214075461600214
0.127107305325127
0.187316028900188
0.167246454375168
0.167246454375167
0.180626170725181
0.200695745250201
0.140487021675141
0.167246454375167
0.200695745250201
-0.0468290072250469
0.214075461600214
0.207385603425208
0.160556596200161
0.254214610650254
0.247524752475248
0.160556596200161
0.214075461600214
0.153866738025154
0.254214610650255
0.260904468825261
1.75876914792104e-17
0.180626170725181
0.167246454375167
0.140487021675141
0.234145036125234
0.0133797163500134
-0.0802782981000803
0.200695745250201
0.214075461600214
0.180626170725181
0.254214610650255
0.180626170725181
0.133797163500134
0.180626170725181
1.75876914792104e-17
0.153866738025154
0.167246454375167
0.260904468825261
0.260904468825261
0.220765319775221
0.160556596200161
0.274284185175275
0.247524752475248
-0.0401391490500402
0.260904468825261
0.173936312550174
0.247524752475248
0.214075461600214
0.167246454375167
0.194005887075194
0.267594327000268
0.240834894300241
0.260904468825261
0.254214610650255
0.247524752475248
0.280974043350281
0.187316028900188
0.167246454375167
0.294353759700295
0.173936312550174
0.274284185175275
0.194005887075194
0.247524752475248
0.153866738025154
0.200695745250201
0.180626170725181
0.187316028900188
0.180626170725181
0.187316028900188
0.147176879850147
0.194005887075194
0.220765319775221
0.207385603425208
0.247524752475248
0.220765319775221
0.234145036125235
0.180626170725181
0.214075461600214
0.173936312550174
0.287663901525288
0.153866738025154
0.153866738025154
0.180626170725181
0.234145036125235
0.200695745250201
0.214075461600214
0.254214610650255
0.227455177950228
0.180626170725181
0.254214610650254
0.214075461600214
0.0936580144500938
0.274284185175275
0.254214610650255
0.301043617875301
0.260904468825261
0.294353759700295
0.260904468825261
0.187316028900188
0.173936312550174
0.194005887075194
0.220765319775221
0.207385603425208
0.160556596200161
0.173936312550174
0.200695745250201
0.187316028900188
0.220765319775221
0.240834894300241
0.227455177950228
0.167246454375167
0.140487021675141
0.194005887075194
0.227455177950228
0.207385603425208
0.153866738025154
0.227455177950228
0.314423334225315
0.321113192400321
0.180626170725181
0.200695745250201
0.220765319775221
0.260904468825261
0.234145036125234
0.187316028900188
0.207385603425208
0.187316028900188
0.200695745250201
0.133797163500134
0.194005887075194
0.194005887075194
0.260904468825261
0.234145036125234
0.167246454375167
0.194005887075194
0.200695745250201
0.214075461600214
0.133797163500134
0.227455177950228
0.307733476050308
0.220765319775221
0.214075461600214
0.207385603425208
0.187316028900187
0.207385603425208
0.127107305325127
0.173936312550174
0.173936312550174
0.187316028900188
0.214075461600214
0.200695745250201
0.180626170725181
0.240834894300241
0.120417447150121
0.194005887075194
0.127107305325127
0.214075461600214
0.200695745250201
0.207385603425208
0.227455177950228
0.240834894300241
0.0936580144500937
0.0936580144500938
0.173936312550174
0.187316028900188
0.234145036125234
0.140487021675141
0.227455177950228
0.194005887075194
0.113727588975114
0.234145036125234
0.194005887075194
0.127107305325127
0.140487021675141
0.214075461600214
0.120417447150121
0.260904468825261
0.173936312550174
0.260904468825261
0.147176879850147
0.180626170725181
0.167246454375167
0.160556596200161
0.234145036125234
0.147176879850147
0.234145036125234
0.240834894300241
0.220765319775221
0.153866738025154
0.207385603425208
0.147176879850147
0.180626170725181
0.160556596200161
0.254214610650255
0.173936312550174
0.160556596200161
0.247524752475248
0.227455177950228
0.214075461600214
0.194005887075194
0.147176879850147
0.234145036125234
0.234145036125234
0.147176879850147
0.207385603425208
0.194005887075194
0.180626170725181
0.287663901525288
0.167246454375167
0.187316028900188
0.200695745250201
0.133797163500134
0.160556596200161
0.180626170725181
0.207385603425208
0.227455177950228
0.200695745250201
0.280974043350281
0.220765319775221
0.127107305325127
0.120417447150121
0.147176879850147
0.147176879850147
0.260904468825261
0.200695745250201
0.207385603425208
0.227455177950228
0.227455177950228
0.153866738025154
0.207385603425208
0.200695745250201
0.173936312550174
0.160556596200161
0.167246454375167
0.234145036125234
0.260904468825261
0.240834894300241
0.254214610650255
0.247524752475248
0.240834894300241
0.220765319775221
0.220765319775221
0.153866738025154
0.153866738025154
0.187316028900188
0.234145036125234
0.220765319775221
0.274284185175275
0.274284185175275
0.227455177950228
0.214075461600214
0.227455177950228
0.200695745250201
0.207385603425208
0.214075461600214
