0.147461554666107
-0.0421318727617415
0.16852749104698
0.126395618285235
0.0210659363808745
0.0421318727617467
0.0631978091426188
-0.0421318727617422
-0.0842637455234858
0.105329681904363
0.0631978091426188
-0.0631978091426142
-0.02106593638087
-0.0210659363808701
0.0842637455234904
-0.168527491046975
0.0210659363808748
-0.0631978091426138
0.126395618285235
-0.189593427427847
0.0210659363808748
-0.0631978091426136
-0.0421318727617418
0.0421318727617467
-0.0421318727617417
-0.105329681904358
-0.042131872761742
-0.084263745523486
-0.084263745523486
0.0421318727617469
0.126395618285235
-0.0210659363808699
0.0842637455234908
0.0631978091426187
-0.0421318727617417
0.042131872761747
-0.0421318727617418
-0.084263745523486
-0.0631978091426142
-0.0842637455234862
-0.0421318727617419
0.0421318727617465
0.0842637455234906
-0.0842637455234861
-0.0421318727617417
2.361147581084e-15
0.0631978091426193
0.0210659363808747
-0.0631978091426138
-0.105329681904357
0.042131872761747
0.021065936380875
-0.12639561828523
-0.0421318727617416
-0.0421318727617416
-0.210659363808718
-0.0421318727617414
-0.168527491046974
-0.0631978091426136
2.74807679362663e-15
-0.0210659363808696
-0.0210659363808701
0.021065936380874
-0.0210659363808701
-0.0421318727617422
0.0421318727617468
-0.0842637455234865
0.0210659363808743
-0.147461554666103
-0.0421318727617419
0.105329681904362
-0.0210659363808698
-0.02106593638087
-0.0210659363808697
0.0210659363808746
0.105329681904363
2.25122450933893e-15
0.189593427427851
2.40071988691222e-15
0.147461554666107
0.0421318727617466
0.105329681904363
0.105329681904363
0.126395618285235
-0.063197809142614
0.105329681904363
0.0842637455234905
0.0421318727617469
0.0631978091426185
-0.042131872761742
-0.0421318727617417
0.189593427427851
0.0210659363808743
0.0421318727617468
0.0421318727617465
0.0631978091426186
0.0842637455234908
0.0421318727617465
0.126395618285235
0.0421318727617465
-0.0210659363808696
0.0421318727617464
-0.0631978091426136
-0.147461554666102
2.11931682324485e-15
-0.0210659363808698
-0.0842637455234861
-0.12639561828523
-0.147461554666102
-0.210659363808719
-0.0631978091426136
-0.147461554666102
-0.0631978091426137
-0.168527491046975
-0.252791236570463
-0.252791236570463
-0.0210659363808699
-0.12639561828523
0.0421318727617464
-0.147461554666103
-0.0842637455234862
-0.126395618285231
0.0631978091426181
-0.0421318727617421
-0.105329681904358
-0.0842637455234861
-0.105329681904359
2.60297833892314e-15
0.0421318727617463
0.0421318727617465
-0.0421318727617421
-0.063197809142614
-0.147461554666103
-0.0631978091426135
2.75247371649643e-15
-0.0421318727617413
-0.0421318727617412
0.0421318727617469
-0.0210659363808694
3.2097536949559e-15
-0.105329681904358
0.0210659363808751
0.0210659363808751
2.6997106420588e-15
-0.0842637455234856
-0.0210659363808693
0.0421318727617471
-0.0210659363808695
-0.0842637455234855
0.063197809142619
-0.0842637455234855
-0.0631978091426134
0.147461554666107
-0.105329681904358
2.95033524563754e-15
0.021065936380875
0.042131872761747
0.126395618285235
-0.0210659363808693
-0.0842637455234856
-0.210659363808719
-0.273857172951335
-0.105329681904359
-0.273857172951335
-0.315989045713079
-0.252791236570463
-0.294923109332207
-0.189593427427847
-0.231725300189591
-0.252791236570463
-0.358120918474823
-0.189593427427847
-0.210659363808719
-0.231725300189591
0.147461554666107
-0.0210659363808698
0.0210659363808745
0.0210659363808741
-0.0631978091426139
0.0210659363808745
-0.105329681904358
-0.189593427427847
-0.0631978091426143
-0.189593427427847
-0.168527491046974
-0.231725300189591
-0.12639561828523
-0.0842637455234864
0.0210659363808746
-0.189593427427847
-0.210659363808718
-0.273857172951335
-0.231725300189591
-0.273857172951335
-0.358120918474823
-0.252791236570463
-0.147461554666102
-0.484516536760056
-0.273857172951335
-0.210659363808719
-0.337054982093951
-0.315989045713079
-0.252791236570463
-0.252791236570463
-0.210659363808719
-0.358120918474823
-0.0210659363808695
-0.147461554666102
-0.0210659363808695
-0.0842637455234861
-0.168527491046975
-0.0842637455234862
-0.168527491046974
0.0210659363808745
-0.126395618285231
-0.0210659363808699
0.0421318727617466
-0.0210659363808701
-0.105329681904358
-0.105329681904359
-0.0210659363808698
-0.0210659363808698
-0.0210659363808689
-0.147461554666102
-0.0842637455234858
-0.189593427427846
-0.0842637455234857
-0.0842637455234853
-0.105329681904358
-0.0631978091426138
-0.147461554666102
-0.189593427427846
-0.23172530018959
-0.0842637455234857
-0.189593427427847
-0.210659363808718
-0.42131872761744
-0.337054982093951
-0.337054982093951
-0.358120918474823
-0.442384663998312
-0.400252791236568
-0.463450600379184
-0.400252791236567
-0.231725300189591
-0.505582473140928
-0.379186854855696
-0.379186854855696
-0.358120918474823
-0.421318727617439
-0.273857172951335
-0.168527491046974
-0.147461554666103
-0.0631978091426141
-0.147461554666102
-0.0421318727617418
-0.147461554666103
-0.063197809142614
-0.105329681904358
-0.210659363808719
-0.189593427427847
-0.23172530018959
-0.147461554666103
-0.189593427427847
-0.231725300189591
-0.463450600379184
-0.337054982093951
-0.337054982093951
-0.42131872761744
-0.252791236570463
-0.484516536760056
-0.358120918474823
-0.5266484095218
-0.315989045713079
-0.294923109332207
-0.442384663998312
-0.505582473140928
-0.294923109332207
-0.337054982093951
-0.463450600379184
-0.273857172951335
-0.337054982093951
-0.147461554666103
-0.189593427427847
-0.210659363808719
-0.126395618285231
-0.273857172951335
-0.189593427427847
-0.358120918474823
-0.168527491046975
-0.105329681904358
-0.168527491046974
-0.294923109332207
-0.210659363808719
-0.210659363808719
-0.147461554666102
-0.231725300189591
-0.252791236570463
-0.105329681904358
-0.0631978091426138
-0.252791236570463
-0.168527491046974
-0.273857172951335
-0.12639561828523
-0.189593427427847
-0.231725300189591
-0.168527491046974
-0.294923109332207
-0.105329681904358
-0.358120918474824
-0.210659363808718
-0.12639561828523
-0.252791236570463
-0.231725300189591
-0.105329681904358
-0.210659363808719
-0.105329681904358
-0.210659363808719
-0.168527491046975
-0.147461554666102
-0.294923109332207
-0.168527491046975
-0.400252791236567
-0.442384663998312
-0.400252791236568
-0.337054982093951
-0.505582473140928
-0.379186854855695
-0.547714345902672
-0.484516536760056
-0.315989045713079
-0.5266484095218
-0.463450600379184
-0.442384663998312
-0.463450600379183
-0.42131872761744
0.0421318727617466
-0.147461554666103
-0.0842637455234862
-0.0631978091426144
-0.189593427427847
-0.168527491046975
-0.210659363808719
-0.252791236570463
-0.189593427427847
0.0210659363808742
2.13690451472406e-15
-0.126395618285231
-0.126395618285231
-0.252791236570463
-0.0421318727617422
-0.210659363808719
-0.105329681904358
-0.252791236570463
-0.0842637455234863
-0.105329681904359
-0.0842637455234861
2.14569836046367e-15
-0.126395618285231
-0.12639561828523
0.0210659363808743
2.26881220081814e-15
-0.0210659363808699
-0.084263745523486
-0.0631978091426142
-0.105329681904358
-0.210659363808719
-0.379186854855696
-0.358120918474823
-0.337054982093951
-0.337054982093951
-0.337054982093951
-0.189593427427847
-0.463450600379184
-0.315989045713079
-0.421318727617439
-0.358120918474823
-0.231725300189591
-0.337054982093951
-0.379186854855695
-0.294923109332207
-0.400252791236567
-0.0631978091426136
-0.0842637455234858
-0.0842637455234855
-0.168527491046974
-0.0631978091426135
-0.0842637455234856
-0.0842637455234854
-0.252791236570463
-0.12639561828523
-0.147461554666102
-0.189593427427846
-0.12639561828523
-0.210659363808718
-0.147461554666102
-0.105329681904358
-0.12639561828523
0.0631978091426191
-0.168527491046974
-0.0421318727617416
-0.147461554666103
-0.0631978091426139
2.50624603578748e-15
-0.0631978091426132
2.3655445039538e-15
-0.084263745523486
-0.0210659363808696
-0.168527491046974
-0.168527491046974
-0.231725300189591
-0.105329681904358
-0.105329681904359
-0.147461554666103
-0.147461554666102
-0.210659363808719
-0.0842637455234861
-0.147461554666102
-0.0842637455234858
-0.0631978091426143
-0.12639561828523
-0.189593427427847
-0.189593427427847
-0.210659363808719
-0.189593427427847
-0.252791236570463
-0.126395618285231
-0.210659363808719
-0.379186854855695
-0.168527491046975
-0.273857172951335
-0.189593427427847
-0.147461554666103
-0.337054982093951
-0.252791236570463
-0.210659363808719
-0.252791236570463
-0.231725300189591
-0.252791236570463
-0.273857172951335
-0.337054982093952
-0.337054982093952
-0.189593427427847
-0.42131872761744
-0.31598904571308
-0.294923109332207
-0.273857172951335
-0.273857172951335
-0.273857172951335
-0.252791236570463
-0.379186854855695
-0.252791236570463
-0.273857172951335
-0.294923109332207
-0.231725300189591
-0.168527491046975
-0.315989045713079
-0.294923109332207
-0.358120918474823
-0.315989045713079
-0.358120918474824
-0.231725300189591
-0.273857172951335
-0.252791236570463
-0.252791236570463
-0.0842637455234856
-0.210659363808719
-0.0842637455234859
-0.189593427427846
-0.189593427427847
-0.252791236570463
-0.189593427427846
-0.400252791236567
-0.12639561828523
-0.231725300189591
-0.168527491046974
-0.337054982093951
-0.273857172951335
-0.358120918474824
-0.147461554666103
-0.168527491046975
-0.0631978091426139
-0.147461554666103
-0.0421318727617418
-0.0631978091426141
1.93464606271314e-15
-0.147461554666102
-0.0210659363808694
-0.168527491046975
2.46227680708946e-15
-0.0842637455234861
0.0631978091426187
-0.189593427427847
-0.084263745523486
0.0210659363808746
-0.168527491046974
-0.0842637455234858
0.0210659363808748
-0.105329681904358
-0.105329681904358
-0.0210659363808696
0.105329681904363
0.0421318727617468
-0.0210659363808697
0.0842637455234909
0.0631978091426187
-0.12639561828523
-0.084263745523486
-0.0631978091426139
-0.231725300189591
-0.084263745523486
-0.0842637455234863
-0.252791236570463
-0.105329681904358
-0.0631978091426142
-0.168527491046975
-0.12639561828523
-0.0631978091426139
-0.0842637455234861
-0.252791236570463
-0.210659363808719
-0.189593427427847
-0.0842637455234859
-0.294923109332207
-0.315989045713079
-0.252791236570463
-0.147461554666103
-0.358120918474823
-0.358120918474823
-0.358120918474823
-0.358120918474823
-0.315989045713079
-0.294923109332207
-0.337054982093951
-0.484516536760056
-0.273857172951335
-0.252791236570463
-0.400252791236567
-0.189593427427846
-0.231725300189591
-0.189593427427847
-0.273857172951335
-0.358120918474823
-0.147461554666102
-0.273857172951335
-0.168527491046974
-0.147461554666102
-0.210659363808718
-0.189593427427846
-0.252791236570463
-0.252791236570463
-0.23172530018959
-0.210659363808719
-0.315989045713079
-0.315989045713079
-0.252791236570463
-0.337054982093951
-0.294923109332207
-0.379186854855695
-0.463450600379184
-0.463450600379184
-0.442384663998312
-0.337054982093951
-0.421318727617439
-0.442384663998312
-0.294923109332207
-0.337054982093951
-0.484516536760056
-0.400252791236568
-0.463450600379184
-0.315989045713079
-0.400252791236568
-0.379186854855695
-0.379186854855696
-0.484516536760056
-0.484516536760056
-0.442384663998312
-0.337054982093952
-0.294923109332207
-0.400252791236568
-0.358120918474824
-0.273857172951335
-0.400252791236568
-0.442384663998312
-0.421318727617439
-0.379186854855695
-0.337054982093951
-0.294923109332207
-0.379186854855695
-0.358120918474823
-0.463450600379184
-0.358120918474823
-0.337054982093951
-0.252791236570463
-0.547714345902672
-0.5266484095218
-0.273857172951335
-0.568780282283544
-0.442384663998311
-0.315989045713079
-0.337054982093951
-0.421318727617439
-0.379186854855696
-0.315989045713079
-0.442384663998311
-0.358120918474823
-0.294923109332207
-0.315989045713079
-0.42131872761744
-0.379186854855695
-0.421318727617439
-0.379186854855695
-0.400252791236568
-0.484516536760056
-0.421318727617439
-0.442384663998311
-0.484516536760056
-0.442384663998312
-0.463450600379184
-0.547714345902672
-0.42131872761744
-0.568780282283544
-0.421318727617439
-0.484516536760056
-0.252791236570463
-0.442384663998311
-0.421318727617439
-0.273857172951335
-0.442384663998312
-0.252791236570463
-0.400252791236567
-0.484516536760056
-0.442384663998311
-0.358120918474824
-0.315989045713079
-0.421318727617439
-0.547714345902672
-0.379186854855695
-0.358120918474823
-0.400252791236567
-0.147461554666103
-0.231725300189591
-0.147461554666103
-0.189593427427847
-0.0421318727617424
-0.12639561828523
-0.273857172951335
-0.231725300189591
-0.231725300189591
-0.147461554666103
-0.126395618285231
-0.294923109332207
-0.252791236570463
-0.105329681904359
-0.252791236570463
-0.231725300189591
-0.252791236570463
-0.210659363808719
-0.210659363808719
-0.147461554666103
-0.189593427427847
-0.105329681904358
-0.147461554666103
-0.189593427427847
-0.105329681904358
-0.126395618285231
-0.210659363808719
-0.252791236570463
-0.189593427427847
-0.210659363808719
-0.147461554666103
-0.12639561828523
-0.315989045713079
-0.168527491046974
-0.105329681904358
-0.210659363808719
-0.126395618285231
-0.210659363808719
-0.105329681904358
-0.210659363808719
-0.12639561828523
-0.042131872761742
-0.42131872761744
-0.5266484095218
-0.463450600379184
-0.442384663998312
-0.484516536760056
-0.358120918474824
-0.484516536760056
-0.379186854855695
-0.315989045713079
-0.5266484095218
-0.653044027807033
-0.463450600379184
-0.463450600379184
-0.442384663998312
-0.400252791236567
-0.505582473140928
-0.400252791236568
-0.42131872761744
-0.547714345902672
-0.315989045713079
-0.505582473140928
-0.547714345902672
-0.589846218664416
-0.358120918474823
-0.337054982093951
-0.505582473140928
-0.547714345902672
-0.358120918474823
-0.463450600379184
-0.5266484095218
-0.337054982093951
-0.358120918474823
-0.273857172951335
-0.273857172951335
-0.252791236570463
-0.231725300189591
-0.358120918474824
-0.231725300189591
-0.442384663998312
-0.273857172951335
-0.12639561828523
-0.189593427427847
-0.294923109332207
-0.294923109332207
-0.210659363808719
-0.189593427427847
-0.273857172951335
-0.231725300189591
-0.273857172951335
-0.126395618285231
-0.168527491046975
-0.273857172951335
-0.273857172951335
-0.273857172951335
-0.189593427427847
-0.0421318727617423
-0.210659363808719
-0.231725300189591
-0.168527491046975
-0.231725300189591
-0.294923109332207
-0.315989045713079
-0.379186854855695
-0.294923109332207
-0.189593427427846
-0.337054982093951
-0.210659363808719
-0.400252791236567
-0.273857172951335
-0.273857172951335
-0.337054982093951
-0.337054982093951
-0.358120918474823
-0.273857172951335
-0.442384663998312
-0.294923109332207
-0.189593427427846
-0.273857172951335
-0.315989045713079
-0.231725300189591
-0.337054982093951
-0.252791236570463
-0.294923109332207
-0.273857172951335
-0.337054982093951
-0.358120918474823
-0.315989045713079
-0.421318727617439
-0.5266484095218
-0.505582473140928
-0.610912155045288
-0.547714345902673
-0.463450600379184
-0.547714345902672
-0.589846218664416
-0.463450600379184
-0.63197809142616
-0.63197809142616
-0.631978091426161
-0.547714345902672
-0.547714345902672
-0.210659363808719
-0.252791236570463
-0.252791236570463
-0.231725300189591
-0.126395618285231
-0.12639561828523
-0.105329681904358
-0.189593427427847
-0.231725300189591
-0.147461554666103
-0.105329681904358
-0.210659363808719
-0.273857172951335
-0.147461554666102
-0.210659363808719
-0.189593427427846
-0.0631978091426141
-0.294923109332207
-0.168527491046974
-0.189593427427847
-0.189593427427847
-0.168527491046975
-0.252791236570463
-0.0210659363808699
-0.168527491046975
-0.189593427427847
-0.0631978091426138
-0.189593427427847
-0.168527491046975
-0.168527491046974
-0.231725300189591
-0.273857172951335
-0.231725300189591
-0.168527491046974
-0.273857172951335
-0.337054982093951
-0.294923109332207
-0.189593427427847
-0.273857172951335
-0.315989045713079
-0.315989045713079
-0.0631978091426138
-0.442384663998312
-0.400252791236568
-0.505582473140928
-0.442384663998312
-0.379186854855696
-0.400252791236567
-0.379186854855695
-0.484516536760056
-0.589846218664417
-0.463450600379184
-0.484516536760056
-0.231725300189591
-0.400252791236567
-0.358120918474823
-0.42131872761744
-0.400252791236568
-0.400252791236568
-0.484516536760056
-0.463450600379184
-0.379186854855695
-0.5266484095218
-0.442384663998311
-0.484516536760055
-0.653044027807032
-0.484516536760056
-0.463450600379184
-0.379186854855695
-0.568780282283544
-0.5266484095218
-0.589846218664416
-0.337054982093951
-0.568780282283544
-0.400252791236568
-0.337054982093951
-0.42131872761744
-0.42131872761744
-0.252791236570463
-0.358120918474824
-0.358120918474823
-0.505582473140928
-0.337054982093952
-0.400252791236568
-0.42131872761744
-0.5266484095218
-0.484516536760056
-0.337054982093952
-0.379186854855695
-0.400252791236568
-0.31598904571308
-0.463450600379184
-0.400252791236568
-0.358120918474824
-0.505582473140928
-0.400252791236568
-0.358120918474824
-0.358120918474824
-0.358120918474823
-0.358120918474823
-0.42131872761744
-0.273857172951335
-0.210659363808719
-0.168527491046975
-0.252791236570463
-0.337054982093951
-0.231725300189591
-0.337054982093951
-0.189593427427847
-0.210659363808719
-0.231725300189591
-0.252791236570463
-0.273857172951335
-0.315989045713079
-0.273857172951335
-0.5266484095218
-0.505582473140928
-0.400252791236567
-0.379186854855695
-0.442384663998312
-0.273857172951335
-0.463450600379183
-0.421318727617439
-0.400252791236567
-0.421318727617439
-0.252791236570463
-0.463450600379183
-0.421318727617439
-0.337054982093951
-0.379186854855695
-0.484516536760056
-0.505582473140928
-0.484516536760056
-0.547714345902672
-0.589846218664416
-0.463450600379184
-0.547714345902672
-0.568780282283544
-0.463450600379184
-0.589846218664416
-0.631978091426161
-0.653044027807032
-0.547714345902672
-0.505582473140928
-0.442384663998312
-0.463450600379184
-0.400252791236568
-0.442384663998312
-0.31598904571308
-0.42131872761744
-0.442384663998312
-0.463450600379184
-0.42131872761744
-0.463450600379184
-0.379186854855696
-0.379186854855695
-0.484516536760056
-0.358120918474824
-0.463450600379184
-0.337054982093952
-0.42131872761744
-0.442384663998312
-0.379186854855696
-0.463450600379184
-0.484516536760056
-0.42131872761744
-0.42131872761744
-0.400252791236567
-0.442384663998312
-0.463450600379184
-0.505582473140928
-0.42131872761744
-0.505582473140928
-0.484516536760056
-0.379186854855696
-0.568780282283544
-0.463450600379184
-0.505582473140928
-0.63197809142616
-0.568780282283544
-0.5266484095218
-0.421318727617439
-0.484516536760056
-0.5266484095218
-0.589846218664416
-0.42131872761744
-0.5266484095218
-0.505582473140928
-0.5266484095218
-0.42131872761744
-0.63197809142616
-0.5266484095218
-0.547714345902672
-0.568780282283544
-0.547714345902672
-0.610912155045288
-0.484516536760056
-0.358120918474823
-0.505582473140928
-0.42131872761744
-0.379186854855696
-0.547714345902672
-0.463450600379183
-0.463450600379184
-0.568780282283544
-0.589846218664416
-0.610912155045288
-0.505582473140928
-0.547714345902672
-0.5266484095218
-0.484516536760056
-0.674109964187904
-0.568780282283544
-0.674109964187904
-0.610912155045288
-0.5266484095218
-0.505582473140928
