1.39421689962517
1.54141340789985
1.50235441045568
1.27659637672199
1.36906323847323
1.41779488761966
1.43303274749161
1.28231407723204
1.44779450360912
1.33113019669743
1.40076037126631
1.36772671979342
1.30054899007777
1.26490095972731
1.28017293219102
1.34156721272153
1.46584237350356
1.43303274749161
1.34633011717268
1.35563875789954
1.46584237350356
1.46459417350221
1.35175288718536
1.38516753704641
1.38516753704641
1.33113019669743
1.31749103615194
1.41585863948614
1.38318561637052
1.44968809784508
1.34633011717268
1.4343084139352
1.38318561637052
1.36772671979342
1.38516753704641
1.51145693169875
1.35175288718536
1.41585863948614
1.29914198788677
1.34972190160086
1.44968809784508
1.41779488761966
1.31540715141275
1.41585863948614
1.38516753704641
1.45031874651218
1.55544071120578
1.46584237350356
1.43303274749161
1.582255826959
1.51145693169875
1.52695787083503
1.44463299748619
1.44968809784508
1.41779488761966
1.58586522711631
1.48089460080957
1.53248882941733
1.49548966252858
1.4815119655804
1.4343084139352
1.33524563780061
1.22821871026533
1.22821871026533
1.24614451609523
1.51145693169875
1.28017293219102
1.30054899007777
1.36102443972442
1.38516753704641
1.22374339121403
1.40206540097531
1.40206540097531
1.40206540097531
1.40206540097531
1.46209457671271
1.35242920460367
1.38895992728108
1.41843971631205
1.42663730530001
1.38516753704641
1.36504975668764
1.33113019669743
1.37987608939334
1.33387523493152
1.36504975668764
1.34972190160086
1.44968809784508
1.33387523493152
1.35175288718536
1.41779488761966
1.38895992728108
1.33524563780061
1.44968809784508
1.35175288718536
1.40076037126631
1.38318561637052
1.35175288718536
1.37987608939334
1.35175288718536
1.40206540097531
1.31749103615194
1.43303274749161
1.42663730530001
1.35242920460367
1.33524563780061
1.31540715141275
1.34633011717268
1.42663730530001
1.33541851761561
1.49548966252858
1.45833714844919
1.40076037126631
1.37522937138597
1.36186567432448
1.39503811868225
1.30054899007777
1.37987608939334
1.38516753704641
1.29208399501761
1.41585863948614
1.34633011717268
1.2634542599624
1.41779488761966
1.36504975668764
1.31540715141275
1.29632340212097
1.41843971631205
1.41779488761966
1.38516753704641
1.28231407723204
1.33387523493152
1.36102443972442
1.46459417350221
1.4815119655804
1.51145693169875
1.51145693169875
1.44968809784508
1.4343084139352
1.57138073590637
1.43047800178104
1.55661606601573
1.52695787083503
1.45031874651218
1.47904096033681
1.46584237350356
1.51145693169875
1.4343084139352
1.50964081821713
1.55544071120578
1.53963263075986
1.49548966252858
1.45833714844919
1.39814665750995
1.51206181812489
1.49671209710879
1.48089460080957
1.41262566157942
1.55661606601573
1.44779450360912
1.40223004265961
1.40727660299764
1.26055587944892
1.34071658526255
1.43048113538915
1.49013122428739
1.38649047660411
1.42150023470484
1.34887641665562
1.36186567432448
1.35429230085024
1.38895992728108
1.33541851761561
1.44700632356236
1.29208399501762
1.55661606601573
1.36906323847323
1.26490095972731
1.36772671979342
1.36906323847323
1.36504975668764
1.51493320984314
1.2634542599624
1.48444245176847
1.47160305005881
1.20567600818658
1.34633011717268
1.38318561637052
1.46584237350356
1.35563875789954
1.40223004265961
1.40727660299764
1.34887641665562
1.43940288835955
1.45205624862192
1.39503811868225
1.48936243950898
1.34752652914787
1.37439957787804
1.36923184846977
1.40938844809464
1.26055943546427
1.39503811868225
1.42743987272661
1.30072648143929
1.38764580272326
1.40206540097531
1.48936243950899
1.4343084139352
1.34972190160086
1.30703838833301
1.34972190160086
1.40808702202524
1.36906323847323
1.27659637672199
1.36906323847323
1.41779488761966
1.33524563780061
1.36504975668764
1.33113019669743
1.33524563780061
1.4343084139352
1.55661606601573
1.48936243950899
1.47904096033681
1.48444245176847
1.50964081821713
1.53963263075986
1.52336043883226
1.46459417350221
1.57878440239315
1.60292930078197
1.50888494451232
1.44779450360912
1.48444245176847
1.55676436267773
1.24688530775477
1.37656186201324
1.34293310417016
1.38764580272326
1.2935056054506
1.30756814749807
1.30354242415459
1.34208334242877
1.20567600818658
1.28730667915556
1.18598706524002
1.29650492939147
1.28499072401155
1.41844603671093
1.43940288835955
1.44019522956756
1.45833714844919
1.40076037126631
1.45833714844919
1.51145693169875
1.36102443972442
1.43303274749161
1.39814665750995
1.33541851761561
1.42150023470484
1.4782694402925
1.45833714844919
1.48444245176847
1.38236059878852
1.40484254085309
1.2730132940899
1.30844032519747
1.13153137723837
1.29297008455601
1.38104344045745
1.35429230085024
1.26056654746488
1.33113356417923
1.31888186217243
1.25765794779777
1.32235083237081
1.31888186217243
1.30844032519747
1.23138798768883
1.37439957787804
1.44146766710039
1.25619576997673
1.28640971955785
1.26508345252169
1.34633011717268
1.23416419044564
1.28640971955785
1.38764580272326
1.19749306284271
1.39814665750995
1.50235441045568
1.28374301505175
1.22840665260774
1.30072648143929
1.36102443972442
1.38236059878852
1.39503811868225
1.39814665750995
1.4007603712663
1.29297008455601
1.44019522956756
1.40727660299764
1.44463299748619
1.35563875789954
1.41505267137171
1.34156721272153
1.41908741076339
1.43047800178104
1.35429230085024
1.52710904758965
1.37987608939334
1.29297008455601
1.44700632356236
1.36504975668764
1.30072648143929
1.46209457671271
1.30072648143929
1.34156721272153
1.45833714844919
1.41908741076339
1.34156721272153
1.44067602570617
1.42792496372363
1.34208334242877
1.37656186201324
1.38979070338604
1.39831496629197
1.37324290019793
1.44574806234594
1.33113356417923
1.29633377579263
1.26797855419466
1.328386234875
1.40484254085309
1.45032492798482
1.35175288718536
1.21925164540967
1.31540715141275
1.22672875133172
1.28640971955785
1.19749306284271
1.22840665260774
1.25710715608635
1.35563875789954
1.33524563780061
1.28302699820325
1.27659637672199
1.27659637672199
1.22019062617702
1.24614451609523
1.26508345252169
1.36504975668764
1.36186567432448
1.31540715141275
1.33113019669743
1.38318561637052
1.41843971631205
1.34633011717268
1.37987608939334
1.36906323847323
1.31818493231856
1.46584237350356
1.44779450360912
1.29914198788677
1.29632340212097
1.36923184846977
1.33130697797676
1.35429230085024
1.2730132940899
1.30844032519747
1.37656186201324
1.32147765938216
1.40484254085309
1.33113356417923
1.41844603671093
1.42021621997804
1.2430236821517
1.47284835369059
1.36522214576342
1.31888186217243
1.44067602570617
1.46459417350221
1.38318561637052
1.50964081821713
1.37522937138597
1.49548966252858
1.47904096033681
1.50964081821713
1.29297008455601
1.50660909753407
1.36102443972442
1.45331213266082
1.475946386255
1.40223004265961
1.519754491322
1.46209457671271
1.50660909753407
1.52575966928055
1.40808702202524
1.44968809784508
1.29208399501761
1.36772671979342
1.38582754740198
1.5845658849507
1.35242920460367
1.34972190160086
1.4343084139352
1.34156721272153
1.47160305005881
1.34887641665562
1.46209457671271
1.36504975668764
1.25619576997673
1.45833714844919
1.33541851761561
1.34972190160086
1.39421689962517
1.44779450360912
1.33387523493152
1.50660909753407
1.28640971955785
1.35563875789954
1.46599985262062
1.45331213266082
1.36186567432448
1.34633011717268
1.36923184846976
1.36522214576342
1.34156721272153
1.30616527450581
1.38895992728108
1.32700199240767
1.37656186201324
1.45912227997622
1.30072648143929
1.42743987272661
1.50888494451232
1.29297008455601
1.34071658526255
1.19902309051291
1.2730132940899
1.25035864011078
1.20965686581834
1.29632686002075
1.31888186217243
1.30616527450581
1.30616527450581
1.30616527450581
1.25710715608636
1.29650492939147
1.22019062617702
1.30616527450581
1.28374301505175
1.31453959610826
1.37522937138597
1.29632686002075
1.35310849677351
1.32009635953933
1.26055943546427
1.2488986840903
1.31453959610826
1.27067481546286
1.32786478122963
1.182121790061
1.44779450360912
1.43446935492203
1.44779450360912
1.38895992728108
1.38895992728108
1.32786478122963
1.51493320984314
1.34208334242877
1.44463299748619
1.4782694402925
1.40808702202524
1.37656186201324
1.37439957787804
1.32009635953933
1.21925164540967
1.34156721272153
1.43303274749161
1.36102443972442
1.48089460080957
1.40076037126631
1.28302699820325
1.45833714844919
1.46584237350356
1.40808702202524
1.45031874651218
1.41585863948614
1.36772671979342
1.45331213266082
1.47904096033681
1.46584237350356
1.40808702202524
1.44779450360912
1.49671209710879
1.52336043883226
1.49304179075
1.40206540097531
1.36504975668764
1.41779488761966
1.40206540097531
1.47904096033681
1.36772671979342
1.475946386255
1.41585863948614
1.36772671979342
1.31453959610826
1.38318561637052
1.31540715141275
1.29297008455601
1.39814665750995
1.29914198788677
1.30703838833301
1.37987608939334
1.36772671979342
1.31540715141275
1.36186567432448
1.33541851761561
1.28640971955785
1.41585863948614
1.2476148808911
1.33113356417923
1.36186567432448
1.25619576997673
1.35429230085024
1.38764580272326
1.38764580272326
1.35429230085024
1.33113356417923
1.38649047660411
1.37656186201324
1.3131544117445
1.37439957787804
1.36186567432448
1.44067602570617
1.45331213266082
1.41505267137171
1.38895992728108
1.47082762847693
1.35429230085024
1.519754491322
1.34071658526255
1.50235441045568
1.42663730530001
1.46599985262062
1.48444245176847
1.45912227997622
1.39503811868225
1.53889148852322
1.43446935492203
1.36505304049247
1.29632686002075
1.39503811868225
1.37656186201324
1.41908741076339
1.55323885263096
1.26797855419466
1.33816145858565
1.328386234875
1.40938844809464
1.35243583349246
1.39553447264905
1.41908741076339
1.2730132940899
1.3131544117445
1.27211682744875
1.33816145858565
1.29632686002075
1.27211682744875
1.36522214576342
1.26074255669551
1.3131544117445
1.3131544117445
1.22075807430696
1.19902309051291
1.35310849677351
1.27211682744875
1.2488986840903
1.30616527450581
1.27211682744875
1.36237411406655
1.48151801690274
1.29650492939147
1.37656186201324
1.41908741076339
1.33130697797676
1.42021621997804
1.43702324346679
1.42021621997804
1.40938844809464
1.36186567432448
1.4061469697785
1.33114029911727
1.37439957787804
1.38104668623306
1.45959684149369
1.36505304049247
1.40938844809464
1.41844603671093
1.29650492939147
1.3981498635808
1.42792496372363
1.38764580272326
1.31888186217243
1.3981498635808
1.38583401653578
1.36522214576342
1.31819173341407
1.33130697797676
1.30756814749807
1.3131544117445
1.35243583349246
1.42792496372363
1.34752652914787
1.39553447264905
1.26797855419466
1.40614696977851
1.24688530775477
1.34752985565518
1.31819173341407
1.41376597147611
1.42743987272661
1.49059591350963
1.35243583349246
1.37439957787804
1.39553447264905
1.39503811868225
1.47207358807831
1.34752652914787
1.45959684149369
1.32009635953933
1.36505304049248
1.31819173341407
1.4061469697785
1.46225552496908
1.38764580272326
1.37573287221685
1.21925164540967
1.34887641665562
1.18115254610103
1.25035864011078
1.17045703878772
1.37987608939334
1.19654001659163
1.20567600818658
1.31453959610826
1.32700199240767
1.24026008215473
1.38649047660411
1.22019062617702
1.26055587944892
1.182121790061
1.2430236821517
1.29297008455601
1.43446935492203
1.40223004265961
1.25619576997673
1.42150023470484
1.33113019669743
1.42663730530001
1.38895992728108
1.39814665750995
1.27659637672199
1.43446935492203
1.39503811868225
1.28640971955785
1.40223004265961
1.29208399501761
1.44463299748619
1.36505304049247
1.44019522956756
1.36504975668764
1.33541851761561
1.34633011717268
1.33541851761561
1.29632340212097
1.26508345252169
1.31192665447919
1.35175288718536
1.31819173341407
1.29633377579263
1.33816145858565
1.39553447264905
1.41376597147611
1.28499072401155
1.3131544117445
1.36522214576342
1.22374705420065
1.43048740258478
1.34209336240034
1.33816145858565
1.37190718597044
1.328386234875
1.34208334242877
1.25128144257209
1.23564881135581
1.28303398566365
1.19521122592527
1.26055943546427
1.35648994155689
1.40614696977851
1.38847736511658
1.38764580272326
1.30844032519747
1.17592464604616
1.26942362902393
1.32009635953933
1.30354242415459
1.29633377579263
1.30844032519747
1.42021621997804
1.34071658526255
1.27067481546286
1.22019062617702
1.38236059878852
1.2488986840903
1.31453959610826
1.36237411406655
1.27067481546286
1.34633011717268
1.48444245176847
1.2476148808911
1.2476148808911
1.26508345252169
1.35563875789954
1.27067481546287
1.27928148273288
1.37439957787804
1.20282660168173
1.30703838833301
1.23416419044564
1.30616527450581
1.27067481546286
1.38895992728108
1.20889326134319
1.40223004265961
1.27928148273287
1.27157229873213
1.31453959610826
1.38649047660411
1.3981498635808
1.33130697797676
1.35310849677351
1.38895992728108
1.30844032519747
1.40223004265961
1.40857877783646
1.47082762847693
1.34071658526255
1.37656186201324
1.37656186201324
1.42021621997804
1.34071658526255
1.39553447264905
1.48213209759914
1.38895992728108
1.37439957787804
1.46209764255931
1.38236059878852
1.34293310417016
1.49013122428739
1.31888186217243
1.27067481546286
1.40938844809464
1.38764580272326
1.43048113538915
1.45032492798482
1.36505960807844
1.35648994155689
1.36238069456674
1.26942362902393
1.33816145858565
1.37324290019793
1.42102872283228
1.40484254085309
1.33543194423741
1.30074026616249
1.36924494352288
1.37324290019793
1.4061469697785
1.30072648143929
1.25710715608635
1.32786478122963
1.41505267137171
1.27659637672199
1.44463299748619
1.33113019669743
1.42150023470484
1.38236059878852
1.39421689962517
1.33113019669743
1.43446935492203
1.37439957787804
1.39421689962517
1.43446935492203
1.42150023470484
1.33387523493152
1.38649047660411
1.44019522956756
1.38895992728108
1.32147765938216
1.34156721272153
1.42743987272661
1.30054899007777
1.34156721272153
1.38895992728108
1.43303274749161
1.42150023470484
1.44019522956756
1.53248882941733
1.38236059878852
1.34071658526255
1.38236059878852
1.40808702202524
1.40727660299764
1.4728483536906
1.5126694260171
1.42150023470484
1.47082762847693
1.33113356417923
1.3981498635808
1.49548966252858
1.39553447264905
1.37573287221685
1.38979070338604
1.2935056054506
1.18598706524002
1.34208334242877
1.29650492939147
1.38104344045745
1.2498225645059
1.37190718597044
1.34752652914787
1.27928148273287
1.44067602570617
1.38764580272326
1.28303398566365
1.40857877783647
1.34208334242877
1.38104344045745
1.40484254085309
1.36522214576342
1.36505960807844
1.45959684149369
1.44574806234594
1.37574264710821
1.34752652914787
1.40484254085309
1.33130697797676
1.31315782532368
1.43048740258478
1.38847736511658
1.30844032519747
1.31315782532368
1.27211682744875
1.34293310417016
1.28303398566365
1.31819173341407
1.22019062617702
1.32009635953933
1.35429230085024
1.21418779884005
1.30844032519747
1.37573287221685
1.28303398566365
1.36505960807844
1.3131544117445
1.19902309051291
1.33130697797676
1.19807126137463
1.18579239961787
1.30354242415459
1.27211682744875
1.2488986840903
1.21418779884005
1.30756814749807
1.42021621997804
1.32009635953933
1.35429230085024
1.35429230085024
1.24688530775477
1.43940288835955
1.36923184846977
1.40808702202524
1.42743987272661
1.53368469651216
1.4782694402925
1.4728483536906
1.45331213266082
1.40223004265961
1.4782694402925
1.39503811868225
1.43940288835955
1.3981498635808
1.40727660299764
1.46210377423321
1.35648994155689
1.34208334242877
1.33130697797676
1.2935056054506
1.50159486891915
1.43702324346679
1.41844603671093
1.40857877783646
1.45032492798482
1.29297008455601
1.46849890702617
1.38583401653578
1.34293310417016
1.43064250692804
1.34752652914787
1.35648994155689
1.3131544117445
1.30494811682209
1.2498225645059
1.33816145858565
1.23287595168818
1.27786158739339
1.26797855419466
1.42102872283228
1.26509762561757
1.30757843195955
1.33953082281476
1.35648994155689
1.36237411406655
1.40484254085309
1.37573287221685
1.25765794779777
1.14658204125055
1.31819173341407
1.328386234875
1.37190718597044
1.35243583349246
1.40484254085309
1.29650492939147
1.33130697797676
1.27785807952636
1.35429230085024
1.23138798768883
1.30844032519747
1.35243583349246
1.36237411406655
1.29650492939147
1.30354242415459
1.38104344045745
1.20965686581834
1.20965686581834
1.50281532012121
1.22075807430696
1.37190718597044
1.32235083237081
1.24688530775477
1.35648994155689
1.34752652914787
1.33130697797676
1.31315782532368
1.37190718597044
1.38979070338604
1.36924494352288
1.31315782532368
1.36505960807844
1.31819173341407
1.34752652914787
1.43048740258478
1.35514433023492
1.31819173341407
1.29633377579263
1.32235083237081
1.36505960807844
1.28303398566365
1.33543194423741
1.33114029911727
1.19521122592527
1.31315782532368
1.30494811682209
1.29351253630634
1.24155871135342
1.38764580272326
1.28730667915556
1.28303398566365
1.22393568319168
1.30494811682209
1.43702324346679
1.33816145858565
1.34752985565517
1.2858886734167
1.25766507620606
1.35648994155689
1.30494811682209
1.33114029911727
1.3131544117445
1.38187897590786
1.31315782532368
1.31403311553007
1.39554089678569
1.43048740258478
1.42231200405942
